        0.000000        72.826902        9.550839        12.551583        7.055443E-7        -3.708847E-6
        0.552000        73.406552        9.556300        12.549346        9.407463E-7        -4.597365E-6
        1.091000        65.362298        9.553785        12.550159        9.017489E-7        -4.164275E-6
        1.633000        87.153918        9.557176        12.553330        -5.399938E-6        1.658979E-5
        2.174000        153.032751        9.554519        12.550524        -1.056090E-5        3.004739E-5
        2.726000        192.307259        9.570270        12.553398        -1.362211E-5        3.753338E-5
        3.268000        200.459392        9.565088        12.548816        -1.621778E-5        4.546254E-5
        3.813000        233.092077        9.572711        12.551992        -2.127139E-5        5.863922E-5
        4.361000        280.407618        9.579248        12.551818        -2.606660E-5        7.313559E-5
        4.906000        323.267905        9.571819        12.550594        -3.037555E-5        8.626461E-5
        5.454000        362.149540        9.586854        12.550312        -3.389238E-5        9.561699E-5
        5.998000        387.539820        9.583302        12.550528        -3.603586E-5        0.000101
        6.542000        409.460251        9.603696        12.547630        -3.724468E-5        0.000103
        7.086000        414.171517        9.582423        12.549679        -3.779426E-5        0.000106
        7.633000        419.483365        9.603290        12.549187        -3.850712E-5        0.000109
        8.175000        434.908496        9.607567        12.547946        -3.980367E-5        0.000113
        8.722000        436.045254        9.630679        12.547646        -4.071638E-5        0.000116
        9.267000        456.096314        9.628908        12.548854        -4.209944E-5        0.000121
        9.813000        464.018197        9.617721        12.547719        -4.349835E-5        0.000124
        10.360000        468.919460        9.623111        12.547936        -4.493136E-5        0.000129
        10.902000        495.382093        9.631381        12.548624        -4.640215E-5        0.000133
        11.447000        504.437514        9.630737        12.548992        -4.759754E-5        0.000138
        11.992000        516.352542        9.658525        12.546274        -4.928523E-5        0.000141
        12.537000        529.188569        9.652545        12.549908        -5.050255E-5        0.000145
        13.081000        539.923365        9.643750        12.550505        -5.198429E-5        0.000149
        13.630000        555.321124        9.658721        12.548296        -5.326618E-5        0.000154
        14.173000        569.181199        9.650062        12.549451        -5.471379E-5        0.000159
        14.719000        583.179747        9.669763        12.551134        -5.641729E-5        0.000163
        15.262000        585.628768        9.672607        12.549814        -5.796603E-5        0.000166
        15.805000        605.088907        9.677177        12.551612        -5.914677E-5        0.000170
        16.348000        614.910755        9.676703        12.551092        -6.033238E-5        0.000175
        16.893000        620.163028        9.695345        12.551193        -6.174707E-5        0.000180
        17.437000        635.116388        9.689191        12.551766        -6.318857E-5        0.000184
        17.982000        651.116338        9.697651        12.553117        -6.429375E-5        0.000188
        18.526000        656.294545        9.707830        12.549806        -6.596553E-5        0.000192
        19.069000        671.721286        9.708906        12.550956        -6.743382E-5        0.000196
        19.612000        683.549366        9.697835        12.553009        -6.899227E-5        0.000200
        20.156000        695.292110        9.720608        12.551114        -7.070059E-5        0.000205
        20.698000        703.331533        9.718329        12.555479        -7.205554E-5        0.000208
        21.241000        717.049917        9.730820        12.554122        -7.327037E-5        0.000213
        21.784000        724.562825        9.724051        12.553443        -7.400146E-5        0.000215
        22.328000        731.948532        9.719588        12.554268        -7.560863E-5        0.000219
        22.874000        749.362185        9.740619        12.556044        -7.706713E-5        0.000223
        23.419000        763.423528        9.752064        12.556986        -7.850371E-5        0.000227
        23.961000        766.851514        9.752827        12.556075        -8.002679E-5        0.000230
        24.506000        780.183464        9.743769        12.555576        -8.130617E-5        0.000234
        25.050000        794.599038        9.740813        12.556848        -8.240400E-5        0.000238
        25.596000        802.641682        9.760028        12.556778        -8.380522E-5        0.000241
        26.141000        816.778701        9.757349        12.556054        -8.492254E-5        0.000246
        26.684000        821.064891        9.777591        12.557561        -8.626527E-5        0.000249
        27.225000        830.097771        9.770333        12.556483        -8.754342E-5        0.000254
        27.769000        841.658568        9.786541        12.557077        -8.896047E-5        0.000257
        28.319000        850.333997        9.769737        12.557206        -8.997177E-5        0.000261
        28.859000        865.541759        9.793934        12.556641        -9.140953E-5        0.000266
        29.403000        875.601907        9.790630        12.556512        -9.281438E-5        0.000269
        29.948000        898.638165        9.780116        12.553652        -9.423385E-5        0.000272
        30.492000        895.530597        9.784950        12.557388        -9.541450E-5        0.000277
        31.038000        906.436068        9.805157        12.556419        -9.637218E-5        0.000281
        31.584000        933.029122        9.791600        12.554950        -9.776483E-5        0.000285
        32.132000        934.265709        9.791477        12.557115        -9.872372E-5        0.000290
        32.676000        939.485780        9.818553        12.556723        -0.000100        0.000292
        33.219000        955.253870        9.821220        12.557112        -0.000102        0.000296
        33.763000        962.164587        9.818109        12.556807        -0.000103        0.000300
        34.306000        980.943637        9.821735        12.558553        -0.000104        0.000305
        34.845000        990.786417        9.835820        12.558562        -0.000105        0.000310
        35.393000        1000.270135        9.848589        12.556890        -0.000107        0.000314
        35.937000        1014.201057        9.832797        12.555950        -0.000108        0.000319
        36.482000        1025.019581        9.851403        12.558301        -0.000110        0.000322
        37.027000        1034.213474        9.836812        12.555576        -0.000111        0.000326
        37.572000        1046.236382        9.863222        12.559360        -0.000113        0.000332
        38.114000        1062.946404        9.856997        12.557960        -0.000114        0.000336
        38.661000        1070.586513        9.858314        12.559085        -0.000116        0.000340
        39.207000        1087.013151        9.869968        12.557602        -0.000117        0.000345
        39.753000        1090.016060        9.867640        12.558703        -0.000119        0.000350
        40.300000        1105.885590        9.880148        12.558490        -0.000121        0.000354
        40.846000        1120.296333        9.877175        12.556828        -0.000122        0.000359
        41.393000        1131.444936        9.887854        12.558051        -0.000123        0.000364
        41.937000        1143.889700        9.890073        12.557934        -0.000125        0.000369
        42.483000        1160.398455        9.889261        12.558758        -0.000127        0.000374
        43.028000        1161.665634        9.897434        12.558677        -0.000128        0.000379
        43.572000        1180.544513        9.896758        12.556685        -0.000129        0.000385
        44.114000        1193.538335        9.912453        12.557689        -0.000131        0.000388
        44.661000        1200.582693        9.914012        12.559972        -0.000133        0.000394
        45.205000        1221.340605        9.924063        12.557047        -0.000135        0.000400
        45.749000        1229.119186        9.919007        12.557151        -0.000136        0.000404
        46.300000        1246.606906        9.936454        12.558669        -0.000138        0.000410
        46.846000        1254.026426        9.931820        12.560493        -0.000140        0.000416
        47.388000        1266.836692        9.944998        12.560226        -0.000142        0.000422
        47.932000        1280.400503        9.952424        12.558590        -0.000144        0.000429
        48.478000        1291.420294        9.944943        12.560205        -0.000146        0.000435
        49.023000        1307.099827        9.955254        12.559105        -0.000148        0.000440
        49.567000        1324.746951        9.959453        12.558331        -0.000150        0.000446
        50.113000        1335.493018        9.946585        12.559046        -0.000153        0.000454
        50.661000        1344.306919        9.965752        12.556943        -0.000156        0.000460
        51.205000        1362.813857        9.979194        12.558399        -0.000157        0.000468
        51.749000        1374.960746        9.978733        12.559054        -0.000160        0.000474
        52.292000        1388.514896        9.972396        12.559556        -0.000162        0.000480
        52.837000        1395.958568        9.974969        12.559349        -0.000164        0.000487
        53.384000        1412.884350        9.978727        12.560689        -0.000167        0.000494
        53.928000        1433.452265        9.987676        12.557534        -0.000170        0.000502
        54.473000        1443.258012        9.994461        12.559929        -0.000172        0.000510
        55.018000        1459.121101        9.981545        12.562337        -0.000174        0.000517
        55.561000        1464.771079        9.998222        12.561813        -0.000177        0.000527
        56.106000        1480.490867        10.006569        12.561338        -0.000180        0.000534
        56.652000        1495.808119        10.010711        12.560111        -0.000183        0.000544
        57.197000        1505.077690        10.015419        12.564413        -0.000186        0.000552
        57.737000        1515.145889        10.009735        12.561384        -0.000185        0.000549
        58.283000        1505.733016        10.028628        12.562402        -0.000185        0.000549
        58.828000        1512.390941        10.023907        12.562863        -0.000186        0.000551
        59.371000        1513.621087        10.027263        12.561755        -0.000186        0.000554
        59.917000        1521.879490        10.037774        12.562837        -0.000187        0.000557
        60.460000        1530.240942        10.021946        12.562510        -0.000188        0.000561
        61.008000        1531.430835        10.030158        12.564217        -0.000189        0.000564
        61.555000        1537.827917        10.031433        12.563184        -0.000190        0.000568
        62.097000        1546.630547        10.042524        12.564299        -0.000192        0.000572
        62.644000        1548.825167        10.042018        12.562891        -0.000193        0.000575
        63.193000        1552.340101        10.033658        12.562249        -0.000194        0.000578
        63.741000        1561.057393        10.048646        12.563830        -0.000193        0.000569
        64.289000        1519.217931        10.045335        12.562904        -0.000188        0.000554
        64.835000        1473.609132        10.037291        12.561601        -0.000184        0.000541
        65.377000        1432.225339        10.022909        12.562427        -0.000179        0.000529
        65.923000        1398.471995        10.025669        12.562568        -0.000175        0.000516
        66.468000        1359.778745        10.032393        12.561977        -0.000171        0.000504
        67.013000        1330.351844        10.027331        12.562315        -0.000167        0.000492
        67.559000        1290.731154        10.025282        12.563254        -0.000163        0.000481
        68.103000        1256.570446        10.023650        12.562001        -0.000159        0.000468
        68.650000        1222.222961        10.018378        12.562645        -0.000155        0.000457
        69.197000        1181.864827        10.020967        12.563124        -0.000151        0.000445
        69.740000        1155.167113        10.008550        12.560949        -0.000147        0.000433
        70.286000        1116.019804        10.020449        12.561063        -0.000143        0.000422
        70.830000        1081.768928        10.028274        12.560115        -0.000139        0.000411
        71.375000        1046.453751        10.013438        12.563231        -0.000135        0.000400
        71.918000        1012.809897        10.019341        12.559887        -0.000131        0.000389
        72.460000        979.987215        10.017496        12.559067        -0.000128        0.000377
        73.002000        947.393172        10.029504        12.560232        -0.000124        0.000366
        73.549000        903.634426        10.008962        12.562035        -0.000121        0.000357
        74.090000        882.591520        10.015245        12.557958        -0.000117        0.000345
        74.636000        843.724376        10.005632        12.561335        -0.000114        0.000335
        75.184000        813.524611        10.000171        12.558794        -0.000111        0.000325
        75.726000        795.474953        9.993141        12.558835        -0.000107        0.000316
        76.275000        759.098695        9.995707        12.558950        -0.000104        0.000306
        76.820000        729.146890        9.990194        12.559853        -0.000101        0.000303
        77.366000        738.171719        10.001668        12.559949        -0.000105        0.000313
        77.909000        758.918359        10.000116        12.559272        -0.000109        0.000327
        78.454000        807.341677        10.010817        12.558848        -0.000113        0.000339
        78.997000        843.692174        10.004418        12.559662        -0.000116        0.000349
        79.544000        885.090456        9.989904        12.559431        -0.000121        0.000361
        80.091000        914.031093        10.012089        12.557437        -0.000127        0.000383
        80.634000        984.766107        10.006914        12.558396        -0.000138        0.000412
        81.183000        1080.735219        10.008102        12.556388        -0.000147        0.000440
        81.727000        1165.025994        10.017621        12.559506        -0.000157        0.000468
        82.272000        1241.858606        10.031775        12.560253        -0.000166        0.000495
        82.818000        1324.091624        10.034100        12.558325        -0.000176        0.000521
        83.363000        1405.308646        10.023244        12.560028        -0.000184        0.000545
        83.903000        1475.075969        10.028918        12.560278        -0.000191        0.000566
        84.452000        1529.017237        10.043171        12.560334        -0.000197        0.000582
        84.996000        1574.743575        10.043616        12.561228        -0.000202        0.000595
        85.541000        1597.636532        10.047557        12.561769        -0.000207        0.000611
        86.087000        1619.788825        10.045403        12.562467        -0.000212        0.000626
        86.633000        1639.071850        10.049328        12.564406        -0.000218        0.000641
        87.178000        1648.449300        10.057376        12.563350        -0.000223        0.000655
        87.719000        1662.608863        10.073374        12.563584        -0.000227        0.000668
        88.263000        1682.952970        10.069748        12.565381        -0.000233        0.000682
        88.810000        1704.102147        10.084162        12.566920        -0.000239        0.000699
        89.356000        1714.384495        10.086207        12.564342        -0.000244        0.000712
        89.897000        1721.882912        10.091160        12.567239        -0.000249        0.000728
        90.443000        1729.862762        10.095601        12.565503        -0.000254        0.000742
        90.986000        1742.507184        10.099333        12.566328        -0.000261        0.000759
        91.532000        1752.013445        10.105242        12.565184        -0.000268        0.000776
        92.076000        1762.981712        10.112939        12.566033        -0.000275        0.000794
        92.623000        1782.918454        10.112868        12.569011        -0.000282        0.000813
        93.168000        1791.666340        10.110642        12.566309        -0.000289        0.000832
        93.709000        1804.355846        10.113802        12.565661        -0.000297        0.000850
        94.254000        1813.683382        10.116091        12.567666        -0.000306        0.000872
        94.797000        1818.964638        10.133436        12.567572        -0.000315        0.000894
        95.340000        1832.245065        10.129011        12.569046        -0.000325        0.000915
        95.882000        1833.975965        10.140781        12.569790        -0.000335        0.000940
        96.428000        1851.513600        10.136917        12.567473        -0.000346        0.000964
        96.975000        1859.395231        10.149669        12.568548        -0.000357        0.000991
        97.520000        1866.247983        10.161133        12.569732        -0.000370        0.001016
        98.064000        1873.701317        10.155932        12.570632        -0.000381        0.001043
        98.610000        1887.674104        10.171432        12.572394        -0.000395        0.001072
        99.158000        1889.479070        10.169551        12.573038        -0.000410        0.001102
        99.706000        1898.465256        10.177273        12.574482        -0.000425        0.001136
        100.253000        1906.364599        10.176935        12.573146        -0.000441        0.001169
        100.799000        1908.019822        10.177151        12.575220        -0.000458        0.001205
        101.345000        1927.288357        10.193252        12.573745        -0.000477        0.001241
        101.889000        1932.482665        10.187317        12.576507        -0.000497        0.001280
        102.437000        1935.128124        10.191629        12.575409        -0.000518        0.001321
        102.977000        1941.850455        10.196347        12.576250        -0.000540        0.001364
        103.521000        1945.167341        10.218625        12.576646        -0.000564        0.001408
        104.062000        1958.843863        10.207708        12.577158        -0.000588        0.001453
        104.605000        1961.310596        10.215166        12.577813        -0.000612        0.001498
        105.149000        1958.647426        10.216506        12.576792        -0.000638        0.001546
        105.694000        1975.439567        10.220383        12.579880        -0.000664        0.001591
        106.240000        1970.298393        10.228163        12.578747        -0.000690        0.001639
        106.784000        1982.688413        10.228134        12.581641        -0.000717        0.001690
        107.329000        1988.325511        10.234868        12.580611        -0.000746        0.001740
        107.872000        1996.893061        10.233747        12.580377        -0.000773        0.001789
        108.419000        1995.928588        10.246661        12.582734        -0.000803        0.001842
        108.965000        2002.834474        10.236546        12.584319        -0.000831        0.001895
        109.509000        2013.651389        10.256325        12.585602        -0.000862        0.001945
        110.052000        2025.683959        10.249166        12.587780        -0.000892        0.001998
        110.595000        2019.141963        10.259390        12.587644        -0.000921        0.002049
        111.138000        2023.672895        10.264099        12.587153        -0.000952        0.002103
        111.679000        2036.214269        10.276873        12.588520        -0.000981        0.002156
        112.223000        2043.498538        10.294008        12.590830        -0.001013        0.002211
        112.766000        2033.372373        10.269251        12.592232        -0.001045        0.002265
        113.308000        2047.622105        10.285301        12.591042        -0.001076        0.002318
        113.853000        2048.758863        10.283024        12.591751        -0.001106        0.002372
        114.398000        2051.620080        10.287880        12.594821        -0.001136        0.002423
        114.939000        2061.168205        10.299348        12.594836        -0.001167        0.002479
        115.485000        2068.085363        10.292801        12.593349        -0.001198        0.002531
        116.029000        2061.767177        10.301773        12.597430        -0.001228        0.002584
        116.575000        2074.408380        10.313243        12.596144        -0.001258        0.002637
        117.122000        2074.062200        10.321735        12.596284        -0.001290        0.002690
        117.667000        2078.783128        10.325860        12.598995        -0.001323        0.002745
        118.215000        2083.212621        10.338284        12.599816        -0.001356        0.002800
        118.759000        2090.957390        10.327773        12.599733        -0.001387        0.002854
        119.302000        2097.024394        10.334610        12.602565        -0.001417        0.002906
        119.848000        2096.536522        10.334162        12.602447        -0.001448        0.002960
        120.394000        2098.341488        10.347349        12.601907        -0.001480        0.003015
        120.939000        2104.709588        10.332658        12.605428        -0.001512        0.003068
        121.485000        2107.385640        10.355310        12.606017        -0.001542        0.003121
        122.028000        2117.283165        10.358797        12.605301        -0.001573        0.003173
        122.575000        2119.147706        10.366281        12.608527        -0.001604        0.003228
        123.124000        2122.709334        10.362446        12.611836        -0.001638        0.003283
        123.670000        2128.918031        10.366739        12.610349        -0.001668        0.003338
        124.215000        2129.732761        10.381117        12.608639        -0.001702        0.003395
        124.758000        2132.556945        10.382988        12.611834        -0.001731        0.003447
        125.303000        2133.228373        10.381397        12.611217        -0.001764        0.003501
        125.847000        2140.945770        10.389332        12.612735        -0.001795        0.003556
        126.391000        2147.539290        10.382734        12.612312        -0.001825        0.003607
        126.936000        2153.601464        10.398890        12.613877        -0.001858        0.003661
        127.481000        2151.814210        10.403991        12.614603        -0.001887        0.003713
        128.026000        2161.590975        10.412582        12.613454        -0.001918        0.003767
        128.571000        2167.907551        10.404657        12.613736        -0.001950        0.003821
        129.115000        2166.403681        10.420582        12.614431        -0.001981        0.003877
        129.658000        2174.211245        10.421657        12.617072        -0.002012        0.003928
        130.205000        2173.842524        10.427228        12.617079        -0.002041        0.003980
        130.748000        2183.012266        10.425129        12.617305        -0.002074        0.004034
        131.295000        2186.321102        10.436049        12.619179        -0.002104        0.004087
        131.839000        2182.687018        10.441993        12.618200        -0.002135        0.004141
        132.387000        2178.080410        10.437305        12.618347        -0.002166        0.004195
        132.931000        2193.098178        10.442399        12.620580        -0.002197        0.004247
        133.475000        2201.259974        10.446592        12.619335        -0.002229        0.004304
        134.035000        2200.165079        10.468123        12.621838        -0.002259        0.004356
        134.578000        2206.918003        10.466306        12.621893        -0.002292        0.004410
        135.124000        2204.813551        10.461344        12.622727        -0.002323        0.004465
        135.666000        2208.475007        10.476747        12.621939        -0.002356        0.004520
        136.213000        2212.318410        10.482624        12.622341        -0.002385        0.004573
        136.761000        2216.219777        10.481815        12.626927        -0.002416        0.004625
        137.305000        2223.618366        10.480598        12.624238        -0.002447        0.004678
        137.850000        2222.186953        10.495318        12.625424        -0.002478        0.004733
        138.400000        2215.805971        10.496922        12.626912        -0.002507        0.004785
        138.946000        2225.083593        10.492536        12.628271        -0.002539        0.004837
        139.492000        2231.097463        10.496825        12.628420        -0.002569        0.004890
        140.038000        2239.088584        10.514794        12.630855        -0.002599        0.004944
        140.586000        2238.463850        10.512067        12.630697        -0.002631        0.004999
        141.132000        2251.604196        10.518153        12.633965        -0.002662        0.005053
        141.677000        2249.261443        10.515139        12.632682        -0.002693        0.005106
        142.223000        2248.995770        10.531147        12.633848        -0.002723        0.005160
        142.769000        2251.217762        10.529305        12.635932        -0.002756        0.005212
        143.311000        2249.482032        10.531836        12.637272        -0.002785        0.005265
        143.858000        2254.146606        10.544337        12.637226        -0.002815        0.005314
        144.403000        2259.112275        10.550823        12.638587        -0.002845        0.005369
        144.945000        2259.084902        10.550929        12.639985        -0.002877        0.005421
        145.489000        2266.465781        10.543693        12.644885        -0.002908        0.005479
        146.033000        2271.436280        10.549924        12.642426        -0.002939        0.005532
        146.577000        2271.776020        10.560912        12.644624        -0.002969        0.005586
        147.123000        2273.482767        10.565678        12.645276        -0.003000        0.005639
        147.667000        2278.603010        10.575484        12.645639        -0.003032        0.005692
        148.212000        2283.602492        10.583434        12.649461        -0.003061        0.005746
        148.756000        2273.445734        10.582665        12.649243        -0.003090        0.005799
        149.302000        2289.059254        10.578971        12.649292        -0.003121        0.005850
        149.849000        2293.596626        10.609944        12.651071        -0.003152        0.005903
        150.396000        2285.299579        10.593926        12.652644        -0.003183        0.005958
        150.939000        2296.172849        10.609722        12.653161        -0.003212        0.006009
        151.484000        2303.758215        10.596757        12.656410        -0.003243        0.006064
        152.030000        2294.438729        10.614063        12.656430        -0.003274        0.006118
        152.573000        2305.774110        10.607703        12.656791        -0.003307        0.006174
        153.120000        2309.567597        10.616452        12.657424        -0.003337        0.006228
        153.664000        2311.092399        10.622055        12.658385        -0.003368        0.006280
        154.208000        2313.728197        10.624609        12.660296        -0.003398        0.006335
        154.754000        2313.570403        10.634608        12.660212        -0.003428        0.006388
        155.300000        2319.803252        10.632215        12.660952        -0.003459        0.006442
        155.844000        2319.038436        10.637493        12.660609        -0.003491        0.006498
        156.388000        2326.124659        10.625627        12.662165        -0.003561        0.006666
        156.932000        2327.351585        10.672794        12.662764        -0.003721        0.006953
        157.477000        2341.371067        10.687688        12.664922        -0.003904        0.007279
        158.023000        2357.082806        10.703767        12.665210        -0.004071        0.007567
        158.566000        2369.418083        10.727764        12.666728        -0.004220        0.007831
        159.112000        2385.509814        10.765657        12.672257        -0.004371        0.008109
        159.657000        2395.838857        10.793207        12.674550        -0.004534        0.008403
        160.202000        2412.613288        10.811121        12.676519        -0.004692        0.008683
        160.748000        2424.777890        10.828530        12.680147        -0.004835        0.008943
        161.296000        2432.786723        10.860359        12.685251        -0.004980        0.009208
        161.844000        2446.516380        10.874084        12.688162        -0.005132        0.009483
        162.391000        2460.700097        10.878676        12.694733        -0.005282        0.009755
        162.937000        2470.718383        10.916705        12.698531        -0.005426        0.010016
        163.482000        2479.686859        10.929070        12.702299        -0.005566        0.010274
        164.030000        2487.797131        10.967566        12.708288        -0.005710        0.010536
        164.574000        2509.116985        10.978602        12.711124        -0.005855        0.010807
        165.119000        2514.604339        11.009800        12.715040        -0.006001        0.011067
        165.666000        2527.612655        11.034986        12.719498        -0.006137        0.011324
        166.207000        2539.448789        11.053657        12.723501        -0.006277        0.011579
        166.750000        2535.017685        11.087399        12.729255        -0.006419        0.011842
        167.298000        2551.082045        11.103693        12.732041        -0.006563        0.012106
        167.841000        2572.923584        11.132003        12.738578        -0.006705        0.012368
        168.388000        2574.007208        11.155553        12.740500        -0.006841        0.012620
        168.936000        2581.238344        11.164302        12.742631        -0.006976        0.012873
        169.484000        2586.777223        11.166698        12.749530        -0.007116        0.013133
        170.029000        2599.634185        11.219424        12.750605        -0.007258        0.013396
        170.575000        2605.625514        11.244278        12.753413        -0.007402        0.013663
        171.120000        2620.450066        11.268923        12.758904        -0.007539        0.013916
        171.660000        2623.660684        11.275602        12.763933        -0.007669        0.014160
        172.203000        2631.490792        11.301319        12.766573        -0.007800        0.014409
        172.747000        2643.465398        11.327577        12.771100        -0.007938        0.014669
        173.292000        2655.169500        11.352357        12.774806        -0.008083        0.014940
        173.836000        2656.317530        11.369663        12.782277        -0.008223        0.015201
        174.383000        2669.161611        11.395960        12.785190        -0.008355        0.015448
        174.928000        2679.991408        11.416995        12.787655        -0.008481        0.015689
        175.472000        2688.143544        11.434999        12.791352        -0.008616        0.015949
        176.016000        2697.717432        11.457477        12.797399        -0.008760        0.016231
        176.557000        2700.311367        11.483770        12.800902        -0.008911        0.016511
        177.104000        2712.228008        11.507282        12.806231        -0.009047        0.016761
        177.647000        2722.178669        11.527901        12.807497        -0.009164        0.016979
        178.191000        2726.170205        11.534812        12.814095        -0.009276        0.017203
        178.738000        2737.293047        11.582462        12.819841        -0.009409        0.017461
        179.283000        2742.020416        11.608866        12.823766        -0.009563        0.017761
        179.824000        2752.935551        11.622890        12.828277        -0.009727        0.018068
        180.371000        2755.830582        11.643310        12.831651        -0.009866        0.018324
        180.914000        2768.273739        11.670099        12.836562        -0.009978        0.018534
        181.458000        2776.031390        11.694126        12.837507        -0.010075        0.018726
        182.001000        2777.638309        11.709400        12.842203        -0.010185        0.018947
        182.545000        2780.670202        11.736115        12.849291        -0.010329        0.019240
        183.090000        2795.404587        11.744645        12.849847        -0.010513        0.019599
        183.632000        2794.868411        11.768231        12.856131        -0.010683        0.019903
        184.176000        2806.601496        11.800617        12.856960        -0.010813        0.020142
        184.718000        2811.507591        11.829928        12.862345        -0.010907        0.020324
        185.264000        2811.819958        11.822602        12.866389        -0.010988        0.020486
        185.809000        2833.294387        11.881614        12.869588        -0.011083        0.020682
        186.354000        2827.352973        11.893825        12.872104        -0.011231        0.020993
        186.903000        2833.271845        11.914486        12.876007        -0.011441        0.021399
        187.448000        2845.462210        11.944380        12.879053        -0.011629        0.021744
        187.990000        2850.067209        11.961589        12.883493        -0.011764        0.021991
        188.535000        2859.059837        11.983417        12.885914        -0.011855        0.022166
        189.080000        2857.301565        12.007707        12.891869        -0.011922        0.022308
        189.626000        2872.744412        12.036674        12.895435        -0.011997        0.022463
        190.171000        2870.947496        12.063350        12.898816        -0.012106        0.022691
        190.713000        2879.584284        12.078689        12.904058        -0.012323        0.023150
        191.255000        2892.470230        12.088717        12.906545        -0.012566        0.023591
        191.801000        2884.615970        12.131620        12.911255        -0.012743        0.022546
        192.348000        2897.047856        12.148804        12.917891        -0.012967        0.022783
        192.894000        2906.130653        12.171739        12.918334        -0.013079        0.022916
        193.440000        2907.658675        12.187322        12.922914        -0.013142        0.022998
        193.984000        2909.358982        12.220471        12.925088        -0.013194        0.023083
        194.527000        2921.407655        12.228638        12.927368        -0.013260        0.023196
        195.074000        2925.185042        12.249109        12.932161        -0.013348        0.023364
        195.616000        2935.931113        12.280207        12.934274        -0.013614        0.023879
        196.164000        2938.428439        12.305139        12.937115        -0.013866        0.024238
        196.705000        2944.938233        12.329545        12.942116        -0.013962        0.024409
        197.251000        2940.442724        12.352596        12.946104        -0.014049        0.024545
        197.798000        2958.778991        12.361883        12.949093        -0.014116        0.024655
        198.344000        2957.218766        12.397339        12.951408        -0.014158        0.024731
        198.889000        2966.435204        12.409170        12.953264        -0.014202        0.024820
        199.435000        2968.546097        12.432189        12.960131        -0.014273        0.024970
        199.978000        2971.864595        12.464156        12.963067        -0.014408        0.025224
        200.524000        2983.153282        12.481707        12.966535        -0.014789        0.025922
        201.070000        2988.099630        12.506400        12.971407        -0.015032        0.026251
        201.613000        2989.004529        12.527699        12.974574        -0.015100        0.026376
        202.159000        2992.250570        12.557113        12.978579        -0.015166        0.026499
        202.702000        3004.437715        12.575195        12.983001        -0.015213        0.026595
        203.245000        3000.736005        12.610013        12.987207        -0.015248        0.026667
        203.791000        3004.296023        12.623045        12.990215        -0.015127        0.026692
        204.338000        3011.754189        12.649381        12.995658        -0.015165        0.026807
        204.884000        3013.470598        12.670319        12.996512        -0.015287        0.027087
        205.432000        3021.202487        12.702737        13.001738        -0.015627        0.027711
        205.980000        3025.398511        12.723495        13.006910        -0.015883        0.028113
        206.525000        3031.013067        12.739365        13.007806        -0.015948        0.028246
        207.068000        3032.402617        12.763369        13.012251        -0.015997        0.028352
        207.606000        3046.257868        12.783026        13.014952        -0.016055        0.028465
        208.154000        3050.442620        12.812758        13.020861        -0.016094        0.028546
        208.698000        3046.467186        12.827794        13.020583        -0.016127        0.028621
        209.245000        3055.369647        12.833078        13.024952        -0.016165        0.028708
        209.788000        3056.309968        12.868151        13.029663        -0.016225        0.028850
        210.337000        3065.405646        12.898392        13.033331        -0.016378        0.029196
        210.877000        3075.051992        12.907419        13.035528        -0.016782        0.029933
        211.423000        3075.810367        12.942491        13.042893        -0.017006        0.030312
        211.968000        3082.861168        12.980307        13.044766        -0.017154        0.030603
        212.510000        3091.654140        13.034636        13.053264        -0.017239        0.030781
        213.057000        3096.164140        13.075363        13.059137        -0.017313        0.030937
        213.603000        3104.435427        13.125287        13.066080        -0.017464        0.031316
        214.147000        3121.889339        13.159567        13.072861        -0.017963        0.032332
        214.691000        3124.518697        13.224922        13.080369        -0.018114        0.032611
        215.236000        3133.756067        13.256459        13.089966        -0.018210        0.032793
        215.782000        3140.372130        13.301791        13.097941        -0.018280        0.032936
        216.327000        3153.750779        13.353695        13.105832        -0.018390        0.033257
        216.869000        3158.226967        13.404695        13.115091        -0.018898        0.034275
        217.412000        3157.386474        13.428660        13.120338        -0.019195        0.034739
        217.954000        3170.185473        13.485836        13.129941        -0.019307        0.034943
        218.490000        3173.471768        13.540852        13.135058        -0.019377        0.035081
        219.037000        3185.530103        13.576188        13.144365        -0.019451        0.035253
        219.577000        3194.147570        13.622119        13.155748        -0.019627        0.035737
        220.122000        3199.208238        13.664771        13.161298        -0.020222        0.035067
        220.668000        3185.216126        13.707173        13.166893        -0.017374        0.029574
        221.213000        3210.846327        13.762259        13.176640        -0.016963        0.029182
        221.757000        3220.806650        13.797962        13.188283        -0.016762        0.028968
        222.301000        3225.637068        13.849207        13.202829        -0.016604        0.028851
        222.843000        3228.813874        13.887699        13.207944        -0.016425        0.028786
        223.392000        3235.940351        13.954207        13.215644        -0.016358        0.029058
        223.939000        3226.582220        13.990886        13.226407        -0.015625        0.028301
        224.486000        3249.320611        14.050597        13.236322        -0.010759        0.026291
        225.030000        3247.232260        14.064695        13.248546        -0.009825        0.025612
        225.576000        3253.220369        14.122148        13.258902        -0.009427        0.025229
        226.123000        3260.131088        14.173853        13.270095        -0.009157        0.024991
        226.667000        3274.971744        14.221958        13.277940        -0.008959        0.024847
        227.210000        3266.238347        14.272725        13.283707        -0.008805        0.024934
        227.752000        3272.403571        14.302471        13.295000        -0.008684        0.025200
        228.300000        3281.648993        14.354798        13.308224        -0.008440        0.025035
        228.843000        3290.152140        14.398571        13.315342        -0.008258        0.024852
        229.389000        3302.775634        14.440576        13.323015        -0.008130        0.024715
        229.932000        3298.502323        14.485142        13.331209        -0.008033        0.024614
        230.472000        3300.043227        14.529769        13.340119        -0.007950        0.024568
        231.028000        3309.799063        14.583863        13.347070        -0.007895        0.024756
        231.576000        3316.413516        14.613709        13.354522        -0.007876        0.025012
        232.122000        3319.699811        14.681260        13.364210        -0.007588        0.024841
        232.668000        3323.424064        14.709174        13.374713        -0.007403        0.024652
        233.212000        3337.981336        14.762875        13.382880        -0.007293        0.024478
        233.756000        3338.010318        14.792383        13.388706        -0.007209        0.024346
        234.306000        3342.634639        14.849643        13.396004        -0.007143        0.024252
        234.848000        3339.056909        14.899467        13.401937        -0.007091        0.024264
        235.392000        3353.583588        14.944799        13.409628        -0.007074        0.024588
        235.938000        3349.584001        14.982061        13.417585        -0.007004        0.024598
        236.480000        3349.608153        15.037388        13.431418        -0.006915        0.024479
        237.028000        3365.289303        15.088288        13.437598        -0.006845        0.024366
        237.573000        3372.167819        15.126648        13.445772        -0.006787        0.024277
        238.120000        3371.193685        15.174663        13.453751        -0.006738        0.024221
        238.664000        3377.911187        15.222497        13.461782        -0.006695        0.024204
        239.213000        3376.838834        15.253292        13.469072        -0.006662        0.024285
        239.757000        3379.968946        15.299227        13.476061        -0.006668        0.024668
        240.303000        3387.898883        15.344571        13.488802        -0.006639        0.024742
        240.845000        3389.769865        15.400881        13.497182        -0.006587        0.024677
        241.389000        3395.527725        15.446001        13.505523        -0.006542        0.024585
        241.936000        3394.423169        15.494015        13.511473        -0.006502        0.024509
        242.480000        3402.710557        15.535219        13.521385        -0.006471        0.024447
        243.021000        3408.127067        15.577462        13.529599        -0.006508        0.024235
        243.563000        3414.203734        15.629641        13.538906        -0.006533        0.024155
        244.108000        3415.324391        15.660897        13.543990        -0.006557        0.024339
        244.647000        3421.716645        15.720295        13.553534        -0.006574        0.024307
        245.193000        3421.597495        15.749258        13.562797        -0.006559        0.024131
        245.733000        3422.492733        15.815760        13.571786        -0.006540        0.023963
        246.275000        3423.777624        15.851093        13.578220        -0.006517        0.023822
        246.821000        3431.087658        15.898580        13.589690        -0.006492        0.023726
        247.364000        3435.571897        15.939291        13.597203        -0.006473        0.023662
        247.909000        3442.798203        15.991388        13.604555        -0.006460        0.023638
        248.455000        3451.101693        16.029710        13.615936        -0.006455        0.023698
        249.000000        3446.208479        16.088734        13.623294        -0.006410        0.023883
        249.541000        3451.388298        16.120361        13.632963        -0.006374        0.023787
        250.089000        3455.746946        16.187996        13.641475        -0.006326        0.023598
        250.634000        3462.458008        16.214145        13.649976        -0.006294        0.023411
        251.175000        3463.201893        16.263293        13.655093        -0.006263        0.023255
        251.723000        3462.078015        16.304226        13.664022        -0.006235        0.023134
        252.267000        3471.492502        16.347365        13.672172        -0.006217        0.023034
        252.809000        3470.268795        16.396661        13.680282        -0.006205        0.022969
        253.355000        3479.770229        16.439237        13.686583        -0.006203        0.022969
        253.902000        3479.509387        16.491611        13.694472        -0.006199        0.022755
        254.447000        3478.411272        16.532519        13.701238        -0.006240        0.022317
        254.990000        3477.892807        16.578044        13.713762        -0.006239        0.022024
        255.531000        3495.031133        16.614649        13.720353        -0.006231        0.021809
        256.074000        3486.932131        16.660325        13.729906        -0.006220        0.021641
        256.614000        3491.562892        16.704318        13.741362        -0.006212        0.021510
        257.158000        3497.728117        16.762293        13.747842        -0.006206        0.021410
        257.703000        3501.436269        16.801393        13.758142        -0.006204        0.021341
        258.247000        3500.769671        16.854937        13.768437        -0.006205        0.021315
        258.791000        3505.305434        16.880310        13.777133        -0.006208        0.021360
        259.335000        3509.124685        16.938648        13.786876        -0.006215        0.021422
        259.880000        3517.859693        16.986998        13.794930        -0.006215        0.021352
        260.423000        3505.564666        17.042644        13.803559        -0.006216        0.021243
        260.987000        3513.856886        17.077208        13.811592        -0.006216        0.021137
        261.531000        3519.510086        17.117365        13.819218        -0.006211        0.021043
        262.077000        3521.041329        17.174512        13.830780        -0.006209        0.020965
        262.623000        3525.910391        17.221258        13.839577        -0.006213        0.020901
        263.168000        3527.874761        17.255241        13.847775        -0.006216        0.020863
        263.713000        3532.553828        17.312865        13.857647        -0.006219        0.020863
        264.256000        3533.321864        17.353702        13.868370        -0.006224        0.020922
        264.798000        3533.671264        17.403349        13.875033        -0.006232        0.020954
        265.346000        3541.580270        17.436270        13.885235        -0.006232        0.020875
        265.889000        3536.434264        17.477573        13.895066        -0.006236        0.020765
        266.434000        3535.226660        17.519485        13.903010        -0.006238        0.020648
        266.981000        3545.789175        17.582876        13.911437        -0.006241        0.020546
        267.521000        3544.773177        17.631039        13.920016        -0.006242        0.020462
        268.065000        3548.077184        17.674204        13.930335        -0.006243        0.020397
        268.608000        3549.453853        17.716203        13.938490        -0.006245        0.020348
        269.155000        3555.317982        17.756460        13.947229        -0.006251        0.020325
        269.700000        3560.082385        17.795802        13.956820        -0.006258        0.020322
        270.248000        3561.628119        17.856488        13.963313        -0.006262        0.020331
        270.793000        3555.382388        17.906686        13.971487        -0.006265        0.020265
        271.340000        3565.331441        17.942399        13.982682        -0.006267        0.020169
        271.885000        3561.869640        17.993763        13.988716        -0.006272        0.020066
        272.428000        3567.960799        18.033939        13.999052        -0.006272        0.019971
        272.974000        3570.057201        18.084948        14.008866        -0.006271        0.019889
        273.516000        3565.941684        18.121148        14.020173        -0.006272        0.019817
        274.061000        3565.014243        18.166843        14.028581        -0.006277        0.019757
        274.604000        3579.278471        18.213438        14.039051        -0.006281        0.019716
        275.147000        3578.652126        18.252709        14.046945        -0.006286        0.019695
        275.689000        3575.721672        18.311019        14.056587        -0.006291        0.019673
        276.236000        3583.938215        18.343135        14.065854        -0.006299        0.019614
        276.780000        3583.379496        18.395523        14.073123        -0.006307        0.019489
        277.329000        3588.203475        18.443775        14.083220        -0.006312        0.019365
        277.877000        3590.179116        18.486673        14.092148        -0.006315        0.019242
        278.424000        3583.282888        18.527738        14.102762        -0.006318        0.019130
        278.969000        3586.488676        18.594050        14.111290        -0.006320        0.019034
        279.509000        3597.226698        18.627960        14.118730        -0.006325        0.018952
        280.055000        3599.659619        18.680392        14.132101        -0.006331        0.018886
        280.598000        3605.602644        18.729937        14.139813        -0.006337        0.018836
        281.145000        3596.122142        18.761669        14.147977        -0.006341        0.018802
        281.687000        3596.183327        18.806145        14.157411        -0.006345        0.018767
        282.232000        3598.207273        18.863962        14.163913        -0.006350        0.018708
        282.779000        3601.211793        18.896258        14.172531        -0.006355        0.018620
        283.325000        3608.323780        18.944083        14.181391        -0.006359        0.018526
        283.873000        3610.160950        18.997858        14.191911        -0.006362        0.018431
        284.415000        3616.815657        19.053946        14.200675        -0.006364        0.018337
        284.961000        3612.793528        19.077892        14.211442        -0.006367        0.018253
        285.505000        3604.475547        19.126277        14.222157        -0.006370        0.018179
        286.049000        3611.574652        19.164099        14.232505        -0.006375        0.018115
        286.590000        3614.419769        19.232353        14.241410        -0.006378        0.018064
        287.138000        3615.458309        19.266752        14.253870        -0.006380        0.018026
        287.682000        3623.157998        19.317945        14.261790        -0.006383        0.017989
        288.229000        3615.989656        19.353645        14.267262        -0.006387        0.017936
        288.774000        3620.163138        19.405415        14.276440        -0.006392        0.017864
        289.319000        3624.721443        19.451314        14.285007        -0.006400        0.017778
        289.865000        3621.222610        19.475430        14.293763        -0.006405        0.017692
        290.404000        3625.978962        19.515616        14.305802        -0.006408        0.017604
        290.952000        3634.955491        19.582086        14.316004        -0.006413        0.017519
        291.495000        3631.058953        19.629180        14.327374        -0.006415        0.017445
        292.040000        3629.097803        19.665447        14.340134        -0.006417        0.017375
        292.585000        3630.397186        19.712560        14.350436        -0.006420        0.017313
        293.128000        3628.415104        19.751239        14.362937        -0.006424        0.017257
        293.675000        3633.105441        19.805468        14.373468        -0.006427        0.017208
        294.218000        3637.782897        19.849651        14.381925        -0.006429        0.017162
        294.762000        3638.777963        19.903513        14.391972        -0.006432        0.017106
        295.305000        3642.354083        19.945209        14.398358        -0.006435        0.017036
        295.851000        3641.513590        19.990796        14.409922        -0.006442        0.016960
        296.398000        3645.129964        20.033404        14.418985        -0.006444        0.016883
        296.941000        3646.104099        20.083141        14.426783        -0.006446        0.016806
        297.485000        3644.427943        20.118300        14.437420        -0.006451        0.016730
        298.029000        3647.160350        20.160731        14.449611        -0.006458        0.016655
        298.571000        3652.382033        20.226077        14.459620        -0.006465        0.016587
        299.117000        3649.145652        20.267712        14.470147        -0.006469        0.016522
        299.662000        3646.709511        20.302501        14.483958        -0.006473        0.016457
        300.209000        3654.821395        20.348683        14.493037        -0.006479        0.016394
        300.755000        3658.160825        20.400175        14.501329        -0.006484        0.016333
        301.300000        3658.589122        20.438448        14.510874        -0.006487        0.016267
        301.846000        3655.504094        20.492430        14.520026        -0.006492        0.016193
        302.389000        3655.136982        20.527692        14.527380        -0.006491        0.016114
        302.934000        3660.326463        20.586350        14.537932        -0.006492        0.016028
        303.481000        3656.228657        20.621107        14.544462        -0.006494        0.015941
        304.026000        3658.956234        20.631743        14.555165        -0.006495        0.015859
        304.572000        3663.728688        20.716817        14.565141        -0.006494        0.015782
        305.121000        3662.405153        20.760149        14.575453        -0.006496        0.015707
        305.666000        3671.104738        20.803926        14.586248        -0.006502        0.015632
        306.210000        3664.648078        20.836338        14.596349        -0.006505        0.015564
        306.755000        3667.037525        20.903639        14.607061        -0.006508        0.015501
        307.297000        3667.816832        20.941265        14.616331        -0.006510        0.015441
        307.840000        3672.745470        20.992493        14.625917        -0.006509        0.015384
        308.385000        3669.138757        21.033159        14.634526        -0.006510        0.015326
        308.929000        3676.158966        21.069629        14.644258        -0.006513        0.015264
        309.473000        3673.135124        21.121672        14.652572        -0.006514        0.015199
        310.017000        3678.091134        21.166569        14.661576        -0.006518        0.015131
        310.559000        3671.161093        21.205177        14.673084        -0.006520        0.015064
        311.103000        3679.169928        21.270997        14.678916        -0.006521        0.014997
        311.644000        3680.247111        21.310606        14.690179        -0.006522        0.014931
        312.192000        3679.799492        21.361506        14.701677        -0.006522        0.014866
        312.735000        3679.801103        21.394176        14.709864        -0.006525        0.014801
        313.280000        3684.185513        21.435702        14.720295        -0.006527        0.014738
        313.826000        3673.299358        21.491358        14.734356        -0.006532        0.014678
        314.368000        3681.176162        21.535550        14.742780        -0.006535        0.014618
        314.916000        3676.619466        21.571192        14.752582        -0.006539        0.014561
        315.457000        3680.660917        21.611263        14.760773        -0.006541        0.014506
        316.002000        3683.320868        21.652730        14.768349        -0.006542        0.014451
        316.546000        3684.460847        21.713085        14.779318        -0.006545        0.014397
        317.091000        3684.370679        21.759602        14.787329        -0.006551        0.014340
        317.632000        3687.275371        21.801128        14.797207        -0.006556        0.014282
        318.176000        3683.752385        21.863878        14.805504        -0.006555        0.014225
        318.717000        3690.320145        21.889093        14.815574        -0.006557        0.014165
        319.264000        3689.935322        21.938815        14.821974        -0.006560        0.014108
        319.811000        3690.331416        21.987699        14.835122        -0.006561        0.014055
        320.357000        3692.461631        22.030123        14.843968        -0.006561        0.014001
        320.903000        3689.220420        22.073606        14.857210        -0.006561        0.013948
        321.448000        3695.630386        22.129028        14.867753        -0.006564        0.013897
        321.993000        3691.294280        22.166315        14.876836        -0.006567        0.013844
        322.537000        3696.817059        22.214375        14.889188        -0.006570        0.013794
        323.085000        3696.420965        22.260899        14.899809        -0.006572        0.013746
        323.631000        3699.031001        22.302585        14.910614        -0.006572        0.013694
        324.179000        3702.950081        22.343393        14.920864        -0.006572        0.013643
        324.722000        3692.785269        22.401432        14.929019        -0.006575        0.013586
        325.268000        3697.491708        22.453076        14.940701        -0.006578        0.013526
        325.811000        3694.690065        22.486474        14.951312        -0.006579        0.013466
        326.354000        3704.294548        22.533277        14.959427        -0.006580        0.013409
        326.900000        3701.444601        22.579837        14.968200        -0.006582        0.013353
        327.443000        3699.061594        22.628724        14.978684        -0.006586        0.013297
        327.986000        3706.912635        22.676345        14.988976        -0.006587        0.013244
        328.529000        3700.769952        22.716670        14.995340        -0.006592        0.013192
        329.073000        3703.053130        22.753526        15.004736        -0.006597        0.013141
        329.614000        3706.051211        22.811627        15.014526        -0.006604        0.013084
        330.160000        3705.278343        22.853867        15.022646        -0.006608        0.013035
        330.701000        3709.472758        22.899657        15.030698        -0.006607        0.012987
        331.248000        3697.047309        22.946039        15.040009        -0.006606        0.012937
        331.793000        3703.458886        22.992404        15.049634        -0.006606        0.012889
        332.340000        3708.094478        23.033721        15.057643        -0.006608        0.012840
        332.885000        3714.280635        23.074139        15.064790        -0.006613        0.012791
        333.433000        3710.677142        23.118437        15.074204        -0.006616        0.012744
        333.980000        3706.560015        23.167189        15.082706        -0.006619        0.012697
        334.526000        3706.142989        23.224839        15.092787        -0.006620        0.012652
        335.073000        3713.113284        23.261975        15.100784        -0.006619        0.012609
        335.612000        3711.611023        23.300026        15.114229        -0.006619        0.012564
        336.157000        3707.497116        23.353045        15.123385        -0.006620        0.012519
        336.701000        3708.492182        23.398551        15.133488        -0.006622        0.012476
        337.244000        3708.422947        23.446440        15.143192        -0.006623        0.012433
        337.790000        3708.550148        23.491235        15.153513        -0.006624        0.012389
        338.335000        3720.482893        23.531250        15.160689        -0.006625        0.012345
        338.881000        3714.849014        23.580923        15.169752        -0.006629        0.012298
        339.421000        3710.548331        23.621338        15.178623        -0.006635        0.012254
        339.968000        3712.606089        23.677783        15.190946        -0.006640        0.012211
        340.512000        3714.018182        23.716272        15.200401        -0.006647        0.012164
        341.062000        3712.746172        23.764840        15.209950        -0.006652        0.012120
        341.604000        3713.000574        23.809171        15.218280        -0.006654        0.012078
        342.152000        3713.288789        23.843435        15.228384        -0.006659        0.012032
        342.694000        3718.935549        23.892116        15.238464        -0.006660        0.011988
        343.239000        3715.694338        23.946990        15.245409        -0.006661        0.011942
        343.787000        3709.451826        23.978362        15.256035        -0.006657        0.011899
        344.334000        3716.761860        24.049064        15.270212        -0.006655        0.011854
        344.879000        3718.222257        24.078794        15.278344        -0.006657        0.011809
        345.424000        3718.531404        24.130537        15.287326        -0.006657        0.011767
        345.971000        3716.982449        24.168904        15.297940        -0.006658        0.011724
        346.513000        3722.558363        24.220873        15.312760        -0.006651        0.011656
        347.059000        3720.962715        24.255021        15.320927        -0.006655        0.011600
        347.603000        3720.980426        24.298946        15.331275        -0.006658        0.011548
        348.148000        3721.139830        24.350364        15.342004        -0.006663        0.011502
        348.691000        3722.901323        24.406581        15.353782        -0.006667        0.011464
        349.234000        3724.857643        24.438307        15.361313        -0.006669        0.011431
        349.780000        3721.368470        24.492148        15.373137        -0.006668        0.011401
        350.325000        3721.645414        24.540072        15.382331        -0.006671        0.011367
        350.870000        3720.015952        24.576361        15.393548        -0.006676        0.011328
        351.415000        3722.419891        24.621256        15.403111        -0.006676        0.011291
        351.961000        3726.860657        24.661686        15.411735        -0.006677        0.011257
        352.505000        3726.638458        24.717401        15.421883        -0.006682        0.011231
        353.051000        3723.165386        24.764781        15.429492        -0.006680        0.011216
        353.594000        3726.480664        24.805460        15.439635        -0.006677        0.011204
        354.140000        3721.943290        24.852370        15.446317        -0.006677        0.011190
        354.688000        3725.807625        24.889136        15.452240        -0.006676        0.011174
        355.235000        3718.594199        24.939514        15.465024        -0.006677        0.011156
        355.781000        3722.975389        25.002819        15.473834        -0.006680        0.011139
        356.328000        3725.198992        25.046373        15.482763        -0.006681        0.011126
        356.873000        3722.427942        25.076300        15.490783        -0.006687        0.011111
        357.419000        3723.840035        25.123860        15.497727        -0.006696        0.011095
        357.968000        3726.594984        25.171691        15.509019        -0.006702        0.011119
        358.515000        3725.643391        25.213558        15.517099        -0.006708        0.011120
        359.063000        3717.787519        25.258855        15.528618        -0.006710        0.011124
        359.606000        3724.078335        25.292804        15.536365        -0.006710        0.011127
        360.151000        3730.106698        25.346177        15.546737        -0.006713        0.011128
        360.698000        3727.953942        25.410290        15.556116        -0.006714        0.011134
        361.246000        3725.841438        25.460803        15.565322        -0.006716        0.011138
        361.794000        3725.340685        25.487590        15.574122        -0.006721        0.011137
        362.341000        3723.065557        25.535305        15.582497        -0.006726        0.011136
        362.891000        3728.222835        25.580775        15.590771        -0.006735        0.011131
        363.437000        3728.770282        25.630622        15.602693        -0.006737        0.011129
        363.986000        3728.364527        25.675420        15.609433        -0.006737        0.011125
        364.525000        3731.208034        25.726806        15.617195        -0.006740        0.011122
        365.071000        3724.202316        25.756314        15.627430        -0.006739        0.011122
        365.613000        3727.219718        25.809468        15.638171        -0.006740        0.011120
        366.157000        3727.659286        25.851078        15.646792        -0.006739        0.011121
        366.697000        3718.689197        25.887911        15.653077        -0.006734        0.011122
        367.241000        3726.675490        25.941655        15.662172        -0.006735        0.011117
        367.785000        3726.300328        26.003948        15.671142        -0.006737        0.011113
        368.330000        3732.058188        26.044405        15.680398        -0.006734        0.011112
        368.877000        3727.910468        26.083432        15.688231        -0.006734        0.011109
        369.421000        3724.810949        26.127534        15.698481        -0.006736        0.011106
        369.965000        3726.615915        26.172257        15.703298        -0.006737        0.011100
        370.511000        3720.896699        26.226439        15.711978        -0.006740        0.011093
        371.058000        3722.672683        26.268036        15.719847        -0.006743        0.011090
        371.604000        3723.485804        26.316994        15.724422        -0.006744        0.011086
        372.152000        3723.360213        26.367488        15.734369        -0.006746        0.011078
        372.693000        3721.830580        26.386813        15.740023        -0.006746        0.011073
        373.239000        3718.845381        26.441571        15.747638        -0.006744        0.011068
        373.784000        3723.960795        26.489138        15.755605        -0.006743        0.011061
        374.326000        3721.719480        26.531240        15.762605        -0.006742        0.011054
        374.872000        3720.518316        26.579728        15.769685        -0.006744        0.011043
        375.417000        3727.053873        26.634444        15.778909        -0.006746        0.011028
        375.962000        3724.798068        26.678221        15.785986        -0.006745        0.011012
        376.507000        3719.396049        26.727959        15.793200        -0.006742        0.010974
        377.057000        3715.884334        26.772846        15.799858        -0.006739        0.010873
        377.597000        3720.099680        26.794773        15.807180        -0.006741        0.010802
        378.142000        3722.951237        26.863649        15.815247        -0.006743        0.010773
        378.686000        3722.965729        26.896174        15.819224        -0.006747        0.010751
        379.233000        3725.878471        26.945699        15.829026        -0.006749        0.010734
        379.775000        3720.193068        26.978572        15.833809        -0.006752        0.010720
        380.319000        3719.640790        27.044179        15.840464        -0.006751        0.010714
        380.863000        3715.728150        27.078962        15.845870        -0.006746        0.010708
        381.405000        3716.563813        27.132718        15.851653        -0.006745        0.010703
        381.950000        3715.156551        27.181525        15.856267        -0.006744        0.010699
        382.494000        3714.370803        27.209890        15.860890        -0.006743        0.010693
        383.037000        3709.711058        27.265710        15.865299        -0.006738        0.010692
        383.579000        3717.378544        27.295920        15.869568        -0.006735        0.010689
        384.128000        3706.328155        27.356313        15.871342        -0.006736        0.010684
        384.672000        3714.781388        27.407774        15.876064        -0.006736        0.010678
        385.219000        3711.013661        27.446379        15.873731        -0.006739        0.010673
        385.768000        3710.773750        27.503108        15.876604        -0.006739        0.010669
        386.311000        3716.348054        27.535562        15.876404        -0.006738        0.010665
        386.856000        3715.348158        27.586291        15.879524        -0.006737        0.010660
        387.401000        3710.169948        27.625511        15.880200        -0.006738        0.010657
        387.947000        3711.527296        27.679277        15.881957        -0.006741        0.010652
        388.490000        3705.468340        27.725711        15.881937        -0.006741        0.010648
        389.037000        3700.288520        27.768673        15.883623        -0.006742        0.010644
        389.582000        3697.169680        27.816385        15.887480        -0.006742        0.010639
        390.130000        3696.660876        27.862712        15.889664        -0.006744        0.010632
        390.677000        3696.720451        27.897817        15.888330        -0.006744        0.010623
        391.221000        3695.263274        27.930055        15.892294        -0.006742        0.010621
        391.766000        3697.293661        27.989550        15.890338        -0.006744        0.010614
        392.308000        3691.147757        28.042656        15.893651        -0.006742        0.010613
        392.854000        3680.862185        28.080382        15.893559        -0.006739        0.010613
        393.398000        3686.732754        28.119847        15.894632        -0.006742        0.010609
        393.945000        3679.123234        28.181467        15.896842        -0.006740        0.010607
        394.488000        3677.606482        28.220401        15.897175        -0.006741        0.010604
        395.034000        3664.862226        28.260236        15.895656        -0.006741        0.010599
        395.576000        3671.161093        28.306840        15.897496        -0.006740        0.010597
        396.123000        3663.434032        28.359721        15.897454        -0.006737        0.010596
        396.667000        3658.007861        28.409951        15.898058        -0.006733        0.010594
        397.215000        3649.375902        28.443439        15.898305        -0.006733        0.010593
        397.761000        3646.991286        28.496603        15.899605        -0.006733        0.010590
        398.303000        3637.491461        28.540505        15.897803        -0.006734        0.010586
        398.849000        3636.454531        28.572061        15.898178        -0.006736        0.010581
        399.388000        3627.639016        28.627727        15.895206        -0.006734        0.010580
        399.935000        3632.630449        28.678367        15.895354        -0.006731        0.010581
        400.477000        3619.177732        28.715262        15.896617        -0.006731        0.010579
        401.027000        3625.608630        28.749738        15.899141        -0.006728        0.010578
        401.571000        3614.675782        28.814482        15.895740        -0.006727        0.010574
        402.117000        3606.224158        28.851480        15.894829        -0.006726        0.010569
        402.659000        3603.808949        28.912325        15.895339        -0.006729        0.010564
        403.204000        3584.637016        28.936819        15.894623        -0.006730        0.010560
        403.748000        3586.424270        28.978257        15.896462        -0.006732        0.010558
        404.294000        3573.549594        29.038213        15.895227        -0.006732        0.010557
        404.841000        3561.185331        29.096829        15.896528        -0.006732        0.010552
        405.385000        3561.286770        29.145420        15.896191        -0.006732        0.010550
        405.931000        3554.867143        29.178676        15.895866        -0.006733        0.010547
        406.474000        3542.177632        29.209549        15.895288        -0.006731        0.010546
        407.021000        3531.613506        29.260105        15.896496        -0.006735        0.010540
        407.561000        3515.441263        29.318528        15.897236        -0.006739        0.010535
        408.107000        3506.683714        29.356092        15.896777        -0.006740        0.010531
        408.650000        3502.915987        29.412683        15.895886        -0.006741        0.010525
        409.196000        3482.806953        29.450489        15.894775        -0.006745        0.010521
        409.743000        3467.951804        29.505173        15.893923        -0.006746        0.010517
        410.288000        3451.905153        29.547150        15.895136        -0.006750        0.010509
        410.838000        3443.063876        29.589932        15.894962        -0.006751        0.010507
        411.384000        3429.099135        29.629712        15.895108        -0.006750        0.010507
        411.930000        3411.910895        29.671164        15.894923        -0.006750        0.010503
        412.472000        3397.720735        29.721053        15.894268        -0.006751        0.010498
        413.018000        3381.274769        29.764456        15.895595        -0.006753        0.010490
        413.559000        3358.362482        29.811930        15.894039        -0.006751        0.010489
        414.108000        3337.140843        29.859053        15.896134        -0.006757        0.010478
        414.654000        3321.314781        29.898466        15.894558        -0.006757        0.010477
        415.197000        3304.706191        29.942629        15.898075        -0.006759        0.010472
        415.742000        3282.634398        29.993629        15.893054        -0.006755        0.010477
        416.290000        3258.614336        30.046275        15.895262        -0.006749        0.010482
        416.856000        3239.099445        30.088979        15.895405        -0.006742        0.010486
        417.403000        3210.168458        30.129929        15.893133        -0.006738        0.010489
        417.949000        3177.962447        30.179463        15.896129        -0.006734        0.010492
        418.493000        3158.991783        30.237970        15.893262        -0.006733        0.010488
        419.040000        3125.642574        30.259288        15.895626        -0.006731        0.010488
        419.579000        3090.977881        30.310784        15.895385        -0.006731        0.010485
        420.127000        3059.161525        30.363913        15.891960        -0.006733        0.010483
        420.667000        3025.549864        30.423653        15.891286        -0.006734        0.010479
        421.212000        2986.826010        30.460087        15.891234        -0.006735        0.010476
        421.753000        2946.952517        30.501423        15.893749        -0.006735        0.010477
        422.298000        2910.278372        30.547905        15.894871        -0.006734        0.010475
        422.844000        2866.228178        30.594155        15.894846        -0.006733        0.010470
        423.389000        2812.129105        30.627357        15.893195        -0.006733        0.010464
        423.935000        2757.840036        30.683181        15.892589        -0.006732        0.010463
        424.473000        2694.909349        30.726146        15.893075        -0.006732        0.010465
        425.019000        2552.527950        30.761102        15.892581        -0.006729        0.010464
        425.557000        2319.856387        30.811581        15.891328        -0.006731        0.010461
        426.101000        2075.715813        30.860861        15.889369        -0.006729        0.010460
        426.644000        1837.341156        30.900175        15.888772        -0.006728        0.010458
        427.186000        1649.943509        30.954820        15.886842        -0.006732        0.010451
        427.724000        1504.108386        30.984543        15.884503        -0.006734        0.010448
        428.267000        1376.649781        31.042805        15.882775        -0.006734        0.010447
        428.810000        1259.776232        31.089004        15.881422        -0.006734        0.010444
        429.353000        1137.014406        31.127879        15.879559        -0.006735        0.010442
        429.900000        1029.399159        31.172661        15.878776        -0.006738        0.010440
        430.444000        922.915840        31.220502        15.876722        -0.006739        0.010435
        430.990000        823.930939        31.280490        15.875753        -0.006739        0.010433
        431.530000        723.686909        31.303016        15.871795        -0.006738        0.010431
        432.076000        638.137008        31.352193        15.868872        -0.006735        0.010431
        432.615000        541.882904        31.401023        15.867905        -0.006733        0.010428
        433.159000        467.217543        31.464688        15.867520        -0.006732        0.010427
        433.702000        386.940848        31.495661        15.865009        -0.006731        0.010425
        434.246000        328.591025        31.540314        15.861619        -0.006731        0.010424
        434.789000        277.739618        31.570842        15.862424        -0.006737        0.010416
        435.333000        192.138194        31.630785        15.861651        -0.006741        0.010410
        435.876000        88.487113        31.669245        15.859518        -0.006743        0.010407
        436.418000        91.597901        31.718307        15.861253        -0.006745        0.010405
        436.965000        82.693833        31.763356        15.863311        -0.006747        0.010400
        437.511000        78.644334        31.809976        15.862793        -0.006747        0.010400
        438.059000        82.497396        31.857263        15.865039        -0.006750        0.010396
        438.599000        85.516407        31.901252        15.867967        -0.006752        0.010393
        439.143000        94.760214        31.939052        15.866443        -0.006754        0.010391
        439.686000        83.048064        31.996107        15.868174        -0.006762        0.010373
        440.230000        84.729049        32.031279        15.871077        -0.006782        0.010338
        440.776000        82.817814        32.088311        15.873025        -0.006790        0.010329
        441.323000        82.872559        32.119647        15.872014        -0.006794        0.010326
        441.865000        82.552141        32.170277        15.871493        -0.006796        0.010330
        442.405000        79.101614        32.218637        15.869884        -0.006785        0.010341
        442.954000        88.628805        32.254794        15.871166        -0.006777        0.010350
        443.499000        82.231724        32.315500        15.868510        -0.006774        0.010351
        444.046000        77.960025        32.345665        15.870738        -0.006769        0.010355