        0.000000        45.822726        -0.793609        88.598650        7.655888E-8        3.278716E-7        7.827947E-7        1.037303E-6        0.066350
        0.469000        33.988205        -0.789262        88.600715        3.422585E-7        3.088360E-7        6.831213E-7        4.476777E-7        0.068415
        1.469000        30.741092        -0.772704        88.602535        -1.176041E-7        -3.098531E-7        4.837751E-7        3.993475E-7        0.070235
        2.469000        42.038900        -0.812877        88.500056        -2.606693E-7        -5.668482E-7        -1.459195E-8        6.103877E-8        -0.032244
        3.469000        4.227472        -0.807563        88.504956        -3.628593E-7        -1.575606E-7        -1.888445E-6        -4.512589E-7        -0.027344
        4.469000        -17.442314        -0.814541        88.502051        -1.568710E-6        -9.856522E-7        -4.958359E-6        -1.350193E-6        -0.030249
        5.469000        -36.200432        -0.801257        88.464777        -1.834405E-6        -1.632894E-6        -7.818942E-6        -2.761421E-6        -0.067523
        6.469000        -66.175851        -0.849830        88.439542        -2.304482E-6        -1.870850E-6        -1.108816E-5        -3.728011E-6        -0.092758
        7.469000        -104.054369        -0.827717        88.438632        -2.754118E-6        -2.603757E-6        -1.473610E-5        -4.849255E-6        -0.093668
        8.469000        -147.461030        -0.837888        88.445807        -4.235877E-6        -3.831608E-6        -1.896209E-5        -6.531115E-6        -0.086493
        9.469000        -189.499072        -0.848032        88.446017        -5.176025E-6        -3.755461E-6        -2.312825E-5        -8.193638E-6        -0.086283
        10.469000        -221.822611        -0.857907        88.439717        -5.748285E-6        -4.916682E-6        -2.732427E-5        -9.807826E-6        -0.092583
        11.469000        -274.863269        -0.907687        88.444897        -6.545366E-6        -4.526436E-6        -3.132091E-5        -1.127702E-5        -0.087403
        12.469000        -313.144322        -0.878007        88.444897        -7.444626E-6        -5.497291E-6        -3.540723E-5        -1.285253E-5        -0.087403
        13.469000        -367.754866        -0.928995        88.465757        -7.659227E-6        -6.011273E-6        -3.979250E-5        -1.454403E-5        -0.066543
        14.469000        -380.877498        -0.924460        88.446787        -8.783308E-6        -6.049347E-6        -4.377907E-5        -1.551060E-5        -0.085513
        15.469000        -449.563340        -0.882408        88.437792        -9.815414E-6        -6.496700E-6        -4.831376E-5        -1.773370E-5        -0.094508
        16.469000        -487.884646        -0.926499        88.429357        -1.059205E-5        -6.763208E-6        -5.228033E-5        -1.906755E-5        -0.102943
        17.469000        -529.131037        -0.901918        88.399467        -1.188985E-5        -7.524660E-6        -5.669534E-5        -2.051738E-5        -0.132833
        18.469000        -554.718828        -0.922286        88.275113        -1.216575E-5        -8.685872E-6        -6.165844E-5        -2.252781E-5        -0.257187
        19.469000        -605.572382        -0.926633        88.273328        -1.367814E-5        -8.685871E-6        -6.618298E-5        -2.456723E-5        -0.258972
        20.469000        -659.726721        -0.909244        88.275148        -1.499636E-5        -9.789972E-6        -7.133533E-5        -2.635534E-5        -0.257152
        21.469000        -717.960079        -0.969570        88.278648        -1.646786E-5        -9.942260E-6        -7.603917E-5        -2.875236E-5        -0.253652
        22.469000        -792.093558        -0.970456        88.251734        -1.731601E-5        -1.023732E-5        -8.067320E-5        -3.034715E-5        -0.280566
        23.469000        -841.511406        -0.965625        88.244069        -1.852182E-5        -1.124624E-5        -8.630373E-5        -3.385566E-5        -0.288231
        24.469000        -917.590470        -0.978050        88.274343        -2.056555E-5        -1.135094E-5        -9.063870E-5        -3.604967E-5        -0.257957
        25.469000        -999.506289        -0.971449        88.313508        -2.226185E-5        -1.244551E-5        -9.534234E-5        -3.906521E-5        -0.218792
        26.469000        -1081.851479        -1.029065        88.396807        -2.359026E-5        -1.290238E-5        -9.950781E-5        -4.229337E-5        -0.135493
        27.469000        -1164.465026        -1.010548        88.399817        -2.577704E-5        -1.318792E-5        -0.000103        -4.525088E-5        -0.132483
        28.469000        -1278.597045        -1.025201        88.369647        -2.736091E-5        -1.421586E-5        -0.000108        -4.853698E-5        -0.162653
        29.469000        -1351.348492        -1.000753        88.328943        -2.895499E-5        -1.508200E-5        -0.000112        -5.196803E-5        -0.203357
        30.469000        -1466.527103        -1.019297        88.402897        -3.060016E-5        -1.479646E-5        -0.000115        -5.507046E-5        -0.129403
        31.469000        -1559.499214        -1.013634        88.398137        -3.258253E-5        -1.518670E-5        -0.000119        -5.815353E-5        -0.134163
        32.469000        -1670.732987        -1.023671        88.341403        -3.487144E-5        -1.571019E-5        -0.000123        -6.212573E-5        -0.190897
        33.469000        -1774.908985        -1.057001        88.274168        -3.740558E-5        -1.608138E-5        -0.000128        -6.595293E-5        -0.258132
        34.469000        -1896.018282        -1.031802        88.277038        -4.022582E-5        -1.728065E-5        -0.000133        -7.000239E-5        -0.255262
        35.469000        -2018.348602        -1.071063        88.396667        -4.249426E-5        -1.806112E-5        -0.000138        -7.389717E-5        -0.135633
        36.469000        -2144.731108        -1.083756        88.414447        -4.474225E-5        -1.806112E-5        -0.000143        -7.831381E-5        -0.117853
        37.469000        -2250.087883        -1.100716        88.436882        -4.781790E-5        -1.903194E-5        -0.000149        -8.216020E-5        -0.095418
        38.469000        -2401.105525        -1.127981        88.441957        -5.063807E-5        -1.967916E-5        -0.000154        -8.644146E-5        -0.090343
        39.469000        -2551.988993        -1.078228        88.435202        -5.326409E-5        -2.009795E-5        -0.000160        -9.133151E-5        -0.097098
        40.469000        -2698.068883        -1.099535        88.426382        -5.709580E-5        -2.143997E-5        -0.000165        -9.616352E-5        -0.105918
        41.469000        -2843.035098        -1.117193        88.408742        -5.976265E-5        -2.228705E-5        -0.000171        -0.000101        -0.123558
        42.469000        -2990.268931        -1.145907        88.405487        -6.314474E-5        -2.278198E-5        -0.000178        -0.000107        -0.126813
        43.469000        -3171.396205        -1.144834        88.408357        -6.662897E-5        -2.348630E-5        -0.000186        -0.000112        -0.123943
        44.469000        -3351.825760        -1.152965        88.408007        -7.076710E-5        -2.482831E-5        -0.000193        -0.000118        -0.124293
        45.469000        -3547.833426        -1.168369        88.409687        -7.456801E-5        -2.499011E-5        -0.000200        -0.000125        -0.122613
        46.469000        -3733.200761        -1.135978        88.408007        -7.790912E-5        -2.554214E-5        -0.000208        -0.000131        -0.124293
        47.469000        -3914.489086        -1.167698        88.395722        -8.193476E-5        -2.644633E-5        -0.000214        -0.000137        -0.136578
        48.469000        -4090.947001        -1.173306        88.394672        -8.579689E-5        -2.734099E-5        -0.000223        -0.000143        -0.137628
        49.469000        -4273.952828        -1.215841        88.361738        -8.935247E-5        -2.755038E-5        -0.000230        -0.000150        -0.170562
        50.469000        -4473.932227        -1.213587        88.324148        -9.291825E-5        -2.837843E-5        -0.000238        -0.000157        -0.208152
        51.469000        -4644.768102        -1.199525        88.351763        -9.762830E-5        -2.930164E-5        -0.000245        -0.000163        -0.180537
        52.469000        -4833.973005        -1.191018        88.314208        -0.000101        -3.013920E-5        -0.000253        -0.000169        -0.218092
        53.469000        -5037.333740        -1.196680        88.277563        -0.000106        -3.079591E-5        -0.000260        -0.000176        -0.254737
        54.469000        -5229.114896        -1.257785        88.235459        -0.000110        -3.166202E-5        -0.000268        -0.000182        -0.296841
        55.469000        -5446.550977        -1.239644        88.178514        -0.000113        -3.215694E-5        -0.000276        -0.000189        -0.353786
        56.469000        -5633.139462        -1.273699        88.177184        -0.000118        -3.287076E-5        -0.000283        -0.000195        -0.355116
        57.469000        -5844.819326        -1.239456        88.158599        -0.000121        -3.327050E-5        -0.000291        -0.000202        -0.373701
        58.469000        -6034.185338        -1.251881        88.168294        -0.000125        -3.352747E-5        -0.000298        -0.000209        -0.364006
        59.469000        -6236.445914        -1.291303        88.178654        -0.000129        -3.443164E-5        -0.000306        -0.000216        -0.353646
        60.469000        -6433.258865        -1.265460        88.176624        -0.000134        -3.471717E-5        -0.000313        -0.000222        -0.355676
        61.469000        -6619.163126        -1.295409        88.176974        -0.000137        -3.572603E-5        -0.000321        -0.000229        -0.355326
        62.469000        -6829.004846        -1.296750        88.242879        -0.000141        -3.658261E-5        -0.000328        -0.000236        -0.289421
        63.469000        -7025.375068        -1.302762        88.273993        -0.000146        -3.703945E-5        -0.000336        -0.000243        -0.258307
        64.469000        -7243.254127        -1.300185        88.269723        -0.000151        -3.813397E-5        -0.000344        -0.000250        -0.262577
        65.469000        -7451.807805        -1.331154        88.268778        -0.000154        -3.843853E-5        -0.000352        -0.000258        -0.263522
        66.469000        -7644.447932        -1.312181        88.208754        -0.000159        -4.010409E-5        -0.000360        -0.000264        -0.323546
        67.469000        -7838.496956        -1.345994        88.175574        -0.000163        -4.064658E-5        -0.000367        -0.000271        -0.356726
        68.469000        -8047.171468        -1.367704        88.150444        -0.000168        -4.103680E-5        -0.000375        -0.000278        -0.381856
        69.469000        -8263.802799        -1.361344        88.145299        -0.000173        -4.245489E-5        -0.000382        -0.000285        -0.387001
        70.469000        -8458.710641        -1.394701        88.037360        -0.000175        -4.277848E-5        -0.000390        -0.000292        -0.494940
        71.469000        -8673.544036        -1.350341        88.016431        -0.000180        -4.284511E-5        -0.000398        -0.000299        -0.515869
        72.469000        -8873.805660        -1.409192        88.012441        -0.000184        -4.338760E-5        -0.000404        -0.000307        -0.519859
        73.469000        -9102.217996        -1.400256        88.015696        -0.000189        -4.419658E-5        -0.000412        -0.000313        -0.516604
        74.469000        -9304.465524        -1.398753        87.989411        -0.000193        -4.484376E-5        -0.000421        -0.000321        -0.542889
        75.469000        -9514.160002        -1.415740        87.981781        -0.000197        -4.608101E-5        -0.000428        -0.000328        -0.550519
        76.469000        -9703.486179        -1.442683        87.922807        -0.000202        -4.634750E-5        -0.000435        -0.000335        -0.609493
        77.469000        -9928.772288        -1.376989        87.895402        -0.000207        -4.732778E-5        -0.000443        -0.000342        -0.636898
        78.469000        -10141.566394        -1.417618        87.889732        -0.000210        -4.756571E-5        -0.000450        -0.000349        -0.642568
        79.469000        -10348.725025        -1.434417        87.892532        -0.000215        -4.874586E-5        -0.000458        -0.000356        -0.639768
        80.469000        -10581.001967        -1.437879        87.882487        -0.000219        -4.923124E-5        -0.000466        -0.000364        -0.649813
        81.469000        -10773.266820        -1.474429        87.892497        -0.000223        -4.973565E-5        -0.000474        -0.000372        -0.639803
        82.469000        -10999.774151        -1.446950        87.893897        -0.000228        -5.075400E-5        -0.000482        -0.000379        -0.638403
        83.469000        -11212.809966        -1.469572        87.864427        -0.000233        -5.102048E-5        -0.000489        -0.000386        -0.667873
        84.469000        -11402.807300        -1.493805        87.880107        -0.000237        -5.188655E-5        -0.000497        -0.000394        -0.652193
        85.469000        -11635.956612        -1.508725        87.840312        -0.000241        -5.251468E-5        -0.000504        -0.000401        -0.691988
        86.469000        -11852.534872        -1.507169        87.852597        -0.000246        -5.304765E-5        -0.000512        -0.000409        -0.679703
        87.469000        -12054.152216        -1.524424        87.828972        -0.000251        -5.392323E-5        -0.000519        -0.000416        -0.703328
        88.469000        -12272.823753        -1.500540        87.828202        -0.000255        -5.488446E-5        -0.000527        -0.000424        -0.704098
        89.469000        -12476.292848        -1.525041        87.827432        -0.000259        -5.536983E-5        -0.000535        -0.000431        -0.704868
        90.469000        -12690.388965        -1.520479        87.789353        -0.000263        -5.579811E-5        -0.000542        -0.000438        -0.742947
        91.469000        -12919.633951        -1.508028        87.764223        -0.000268        -5.670223E-5        -0.000550        -0.000446        -0.768077
        92.469000        -13116.863844        -1.516695        87.761108        -0.000273        -5.755877E-5        -0.000557        -0.000453        -0.771192
        93.469000        -13338.984015        -1.551689        87.763803        -0.000277        -5.780622E-5        -0.000565        -0.000462        -0.768497
        94.469000        -13552.959557        -1.568944        87.761458        -0.000282        -5.895778E-5        -0.000572        -0.000469        -0.770842
        95.469000        -13764.264983        -1.599618        87.764083        -0.000285        -5.941460E-5        -0.000580        -0.000475        -0.768217
        96.469000        -13972.900288        -1.592291        87.746723        -0.000290        -5.997611E-5        -0.000588        -0.000484        -0.785577
        97.469000        -14208.197065        -1.580725        87.731113        -0.000294        -6.055665E-5        -0.000595        -0.000491        -0.801187
        98.469000        -14401.844639        -1.587622        87.676129        -0.000298        -6.075651E-5        -0.000602        -0.000498        -0.856171
        99.469000        -14629.426219        -1.603858        87.633989        -0.000303        -6.116574E-5        -0.000610        -0.000506        -0.898311
        100.469000        -14859.409666        -1.625782        87.637139        -0.000307        -6.178434E-5        -0.000617        -0.000514        -0.895161
        101.469000        -15085.300699        -1.615504        87.632449        -0.000311        -6.260281E-5        -0.000625        -0.000521        -0.899851
        102.469000        -15267.516381        -1.641454        87.635109        -0.000316        -6.290735E-5        -0.000632        -0.000529        -0.897191
        103.469000        -15491.837624        -1.635577        87.634094        -0.000320        -6.365919E-5        -0.000640        -0.000537        -0.898206
        104.469000        -15720.345327        -1.662869        87.634654        -0.000325        -6.436345E-5        -0.000647        -0.000544        -0.897646
        105.469000        -15915.710745        -1.684713        87.636964        -0.000329        -6.526756E-5        -0.000654        -0.000552        -0.895336
        106.469000        -16153.597726        -1.648646        87.635039        -0.000334        -6.600988E-5        -0.000662        -0.000560        -0.897261
        107.469000        -16369.251209        -1.697648        87.635739        -0.000338        -6.645717E-5        -0.000670        -0.000568        -0.896561
        108.469000        -16573.244536        -1.673979        87.634934        -0.000342        -6.711384E-5        -0.000677        -0.000575        -0.897366
        109.469000        -16794.171398        -1.694267        87.631294        -0.000347        -6.781809E-5        -0.000685        -0.000584        -0.901006
        110.469000        -17004.672557        -1.691315        87.630664        -0.000351        -6.853185E-5        -0.000692        -0.000591        -0.901636