        0.000000        22.059760        -0.064484        88.439017        3.026169E-6        2.460672E-6        2.337054E-6        2.067311E-6        0.158717
        0.376000        53.350126        -0.038024        88.439017        3.629088E-6        2.003799E-6        2.356988E-6        2.231631E-6        0.158717
        1.376000        38.295327        -0.061425        88.436847        4.354634E-6        2.536818E-6        2.406825E-6        2.647266E-6        0.156547
        2.376000        36.457085        -0.071676        88.436287        3.700621E-6        2.336937E-6        2.386890E-6        2.656932E-6        0.155987
        3.376000        50.062759        -0.072401        88.273363        4.456825E-6        2.089463E-6        2.416791E-6        2.125306E-6        -0.006937
        4.376000        44.199170        -0.115177        88.393412        4.037846E-6        2.593929E-6        2.267283E-6        2.434615E-6        0.113112
        5.376000        35.544673        -0.103664        88.199899        4.252447E-6        1.851508E-6        2.257316E-6        1.854661E-6        -0.080401
        6.376000        35.893536        -0.075889        88.147714        4.119600E-6        1.918136E-6        2.426759E-6        2.289627E-6        -0.132586
        7.376000        13.244249        -0.110803        88.172774        3.772154E-6        2.527300E-6        1.888528E-6        2.134973E-6        -0.107526
        8.376000        6.199892        -0.148077        88.177464        3.966313E-6        2.784291E-6        1.420067E-6        1.854661E-6        -0.102836
        9.376000        -17.428896        -0.157524        88.176029        3.240767E-6        2.422601E-6        5.429522E-7        1.052392E-6        -0.104271
        10.376000        -51.496752        -0.161227        88.207144        3.414489E-6        2.232236E-6        -3.939656E-7        -2.138370E-7        -0.073156
        11.376000        -96.030510        -0.149795        88.235809        2.137117E-6        2.032354E-6        -1.131537E-6        -1.431734E-6        -0.044491
        12.376000        -115.781547        -0.139597        88.270913        2.372155E-6        2.527300E-6        -2.168122E-6        -2.494975E-6        -0.009387
        13.376000        -168.030554        -0.156477        88.232519        1.830547E-6        2.232237E-6        -3.244572E-6        -2.958933E-6        -0.047781
        14.376000        -197.147232        -0.131895        88.184429        1.227633E-6        1.661145E-6        -4.639969E-6        -4.138160E-6        -0.095871
        15.376000        -229.564695        -0.226008        88.176274        1.329822E-6        2.175127E-6        -5.656612E-6        -6.312954E-6        -0.104026
        16.376000        -318.269930        -0.147729        88.178549        3.079263E-7        1.918136E-6        -7.640058E-6        -7.588829E-6        -0.101751
        17.376000        -346.004573        -0.158033        88.151844        -4.584930E-7        2.127535E-6        -8.636760E-6        -8.381417E-6        -0.128456
        18.376000        -406.076172        -0.159134        88.142535        -3.971791E-7        1.822953E-6        -1.000224E-5        -9.927924E-6        -0.137765
        19.376000        -431.315099        -0.197938        88.145369        -9.592150E-7        1.470780E-6        -1.159695E-5        -1.172573E-5        -0.134931
        20.376000        -498.538398        -0.219380        88.160559        -1.480381E-6        2.460672E-6        -1.229464E-5        -1.283728E-5        -0.119741
        21.376000        -551.860832        -0.219487        88.195454        -2.389860E-6        2.460673E-6        -1.401892E-5        -1.445143E-5        -0.084846
        22.376000        -621.579846        -0.222278        88.169694        -2.870148E-6        2.479709E-6        -1.516511E-5        -1.636521E-5        -0.110606
        23.376000        -666.207530        -0.200219        88.002746        -3.912471E-6        1.946689E-6        -1.717842E-5        -1.774738E-5        -0.277554
        24.376000        -738.865049        -0.245249        87.932641        -3.779625E-6        1.651628E-6        -1.893257E-5        -1.988344E-5        -0.347659
        25.376000        -795.367508        -0.211866        87.981921        -4.740195E-6        2.051390E-6        -2.095583E-5        -2.171021E-5        -0.298379
        26.376000        -859.048502        -0.275305        88.002046        -5.894919E-6        1.918135E-6        -2.389601E-5        -2.377860E-5        -0.278254
        27.376000        -943.366111        -0.251931        87.986366        -6.354762E-6        2.289345E-6        -2.524151E-5        -2.610795E-5        -0.293934
        28.376000        -998.741474        -0.260680        87.900057        -6.967891E-6        1.870543E-6        -2.712521E-5        -2.726779E-5        -0.380243
        29.376000        -1035.801505        -0.294197        87.895052        -7.826267E-6        1.718254E-6        -2.838100E-5        -2.930716E-5        -0.385248
        30.376000        -1114.590972        -0.285583        87.958051        -8.837922E-6        2.051389E-6        -3.011519E-5        -3.091159E-5        -0.322249
        31.376000        -1173.575729        -0.328145        87.979646        -9.737167E-6        1.861027E-6        -3.245732E-5        -3.342454E-5        -0.300654
        32.376000        -1245.481853        -0.340784        87.842517        -9.839356E-6        1.927654E-6        -3.362340E-5        -3.521260E-5        -0.437783
        33.376000        -1298.428590        -0.367486        87.759393        -1.046270E-5        1.708736E-6        -3.546720E-5        -3.669136E-5        -0.520907
        34.376000        -1361.076415        -0.320309        87.735698        -1.134150E-5        1.775364E-6        -3.717146E-5        -3.917528E-5        -0.544602
        35.376000        -1416.250512        -0.293044        87.726178        -1.282321E-5        1.803918E-6        -3.900527E-5        -4.080867E-5        -0.554122
        36.376000        -1505.854748        -0.323261        87.714314        -1.382463E-5        1.546926E-6        -4.102844E-5        -4.228742E-5        -0.565986
        37.376000        -1573.802616        -0.371162        87.730938        -1.382463E-5        1.347044E-6        -4.650989E-5        -5.095683E-5        -0.549362
        38.376000        -1780.115102        -0.350150        87.698564        -1.636906E-5        1.565963E-6        -4.920075E-5        -5.200062E-5        -0.581736
        39.376000        -1872.161387        -0.384499        87.748543        -1.650190E-5        1.404153E-6        -5.081527E-5        -5.259984E-5        -0.531757
        40.376000        -1870.940365        -0.391423        87.739478        -1.694130E-5        1.356562E-6        -5.121391E-5        -5.313140E-5        -0.540822
        41.376000        -2001.911765        -0.399581        87.757853        -1.841277E-5        1.347044E-6        -5.444292E-5        -5.618546E-5        -0.522447
        42.376000        -1996.477545        -0.391772        87.761563        -1.791206E-5        1.870544E-6        -5.477180E-5        -5.584719E-5        -0.518737
        43.376000        -2112.380729        -0.430818        87.729013        -1.967986E-5        1.061499E-6        -5.762208E-5        -5.921050E-5        -0.551287
        44.376000        -2104.745985        -0.420191        87.728908        -1.879085E-5        1.299453E-6        -5.795095E-5        -5.963574E-5        -0.551392
        45.376000        -2240.011095        -0.437929        87.829847        -2.043603E-5        8.330634E-7        -6.106032E-5        -6.264143E-5        -0.450453
        46.376000        -2246.881023        -0.418044        87.829532        -2.054843E-5        1.042463E-6        -6.141910E-5        -6.369486E-5        -0.450768
        47.376000        -2350.520317        -0.435165        87.894527        -2.146809E-5        1.518371E-6        -6.387070E-5        -6.625596E-5        -0.385773
        48.376000        -2392.142417        -0.498095        87.891657        -2.179509E-5        9.092089E-7        -6.617280E-5        -6.814053E-5        -0.388643
        49.376000        -2466.987057        -0.494874        87.830407        -2.254103E-5        5.570372E-7        -6.695013E-5        -6.967718E-5        -0.449893
        50.376000        -2511.212216        -0.475392        87.804543        -2.358331E-5        6.807723E-7        -6.835530E-5        -7.074992E-5        -0.475757
        51.376000        -2543.455255        -0.488461        87.760863        -2.324610E-5        1.347045E-6        -6.947147E-5        -7.247985E-5        -0.519437
        52.376000        -2607.538799        -0.478317        87.759918        -2.377746E-5        1.042463E-6        -7.138488E-5        -7.425809E-5        -0.520382
        53.376000        -2661.626063        -0.538295        87.810423        -2.462559E-5        6.807732E-7        -7.262062E-5        -7.572706E-5        -0.469877
        54.376000        -2745.594830        -0.513525        87.819383        -2.562699E-5        1.251863E-6        -7.445430E-5        -7.821078E-5        -0.460917
        55.376000        -2813.878157        -0.523803        87.771888        -2.602550E-5        9.853539E-7        -7.641752E-5        -7.960242E-5        -0.508412
        56.376000        -2890.265854        -0.518570        87.762648        -2.664882E-5        6.807716E-7        -7.826115E-5        -8.155459E-5        -0.517652
        57.376000        -2935.027730        -0.539958        87.759813        -2.803851E-5        4.047452E-7        -7.956663E-5        -8.347775E-5        -0.520487
        58.376000        -3009.724782        -0.518383        87.790403        -2.818157E-5        8.112863E-8        -8.115114E-5        -8.562319E-5        -0.489897
        59.376000        -3087.038313        -0.552034        87.826487        -2.907056E-5        8.996910E-7        -8.329371E-5        -8.824215E-5        -0.453813
        60.376000        -3155.066707        -0.512908        87.827957        -3.036828E-5        7.188452E-7        -8.536652E-5        -9.030058E-5        -0.452343
        61.376000        -3257.404492        -0.572107        87.789948        -3.069527E-5        7.378816E-7        -8.624347E-5        -9.279388E-5        -0.490352
        62.376000        -3340.004652        -0.585955        87.760268        -3.150251E-5        4.142642E-7        -8.858532E-5        -9.516154E-5        -0.520032
        63.376000        -3428.280557        -0.618211        87.749768        -3.284109E-5        8.901720E-7        -8.986088E-5        -9.702666E-5        -0.530532
        64.376000        -3504.037627        -0.570175        87.729503        -3.365855E-5        1.223309E-6        -9.148522E-5        -9.901741E-5        -0.550797
        65.376000        -3739.104607        -0.629026        87.739338        -3.583502E-5        8.330625E-7        -9.597952E-5        -0.000106        -0.540962
        66.376000        -3919.212162        -0.619687        87.765133        -3.769472E-5        6.998078E-7        -9.892920E-5        -0.000110        -0.515167
        67.376000        -3875.724969        -0.635762        87.761073        -3.731665E-5        4.808908E-7        -9.808217E-5        -0.000109        -0.519227
        68.376000        -4023.844419        -0.652561        87.765448        -3.837933E-5        6.998086E-7        -0.000100        -0.000113        -0.514852
        69.376000        -4008.735940        -0.627738        87.760723        -3.863478E-5        1.175717E-6        -0.000101        -0.000113        -0.519577
        70.376000        -4226.829396        -0.652749        87.758378        -3.987117E-5        8.711373E-7        -0.000104        -0.000119        -0.521922
        71.376000        -4234.397055        -0.642766        87.760058        -4.027989E-5        5.570359E-7        -0.000104        -0.000119        -0.520242
        72.376000        -4429.733881        -0.658438        87.762403        -4.319202E-5        9.092083E-7        -0.000107        -0.000125        -0.517897
        73.376000        -4389.051007        -0.632998        87.762648        -4.222132E-5        1.727771E-6        -0.000107        -0.000124        -0.517652
        74.376000        -4603.669273        -0.692492        87.761458        -4.538888E-5        1.118608E-6        -0.000110        -0.000130        -0.518842
        75.376000        -4618.697248        -0.672714        87.759603        -4.527649E-5        1.546926E-6        -0.000110        -0.000130        -0.520697
        76.376000        -4718.190498        -0.682482        87.745848        -4.666613E-5        7.188457E-7        -0.000112        -0.000135        -0.534452
        77.376000        -4914.386100        -0.697349        87.747493        -4.886297E-5        8.235447E-7        -0.000115        -0.000139        -0.532807
        78.376000        -4963.253861        -0.728801        87.747073        -4.982345E-5        5.665551E-7        -0.000116        -0.000141        -0.533227
        79.376000        -5054.106036        -0.698477        87.746373        -5.047739E-5        1.204272E-6        -0.000117        -0.000143        -0.533927
        80.376000        -5149.412938        -0.733363        87.735593        -5.145830E-5        1.185236E-6        -0.000118        -0.000146        -0.544707
        81.376000        -5233.636708        -0.752443        87.739723        -5.271509E-5        8.996899E-7        -0.000119        -0.000148        -0.540577
        82.376000        -5314.546275        -0.705078        87.731148        -5.339968E-5        8.425809E-7        -0.000120        -0.000151        -0.549152
        83.376000        -5431.938950        -0.697376        87.733528        -5.519800E-5        1.118608E-6        -0.000121        -0.000154        -0.546772
        84.376000        -5588.095770        -0.736825        87.726738        -5.700653E-5        3.285992E-7        -0.000124        -0.000159        -0.553562
        85.376000        -5724.582048        -0.767551        87.729748        -5.871289E-5        1.858288E-7        -0.000125        -0.000162        -0.550552
        86.376000        -6173.690657        -0.795595        87.742313        -6.548713E-5        -8.421300E-7        -0.000129        -0.000175        -0.537987
        87.376000        -6164.190823        -0.820552        87.750118        -6.480256E-5        -1.594063E-6        -0.000129        -0.000174        -0.530182
        88.376000        -6184.679871        -0.773697        87.743888        -6.493539E-5        -8.230950E-7        -0.000130        -0.000177        -0.536412
        89.376000        -6496.322740        -0.823880        87.764188        -6.973759E-5        -1.765389E-6        -0.000133        -0.000184        -0.516112
        90.376000        -6512.786438        -0.830374        87.762613        -6.994194E-5        -1.270446E-6        -0.000133        -0.000184        -0.517687
        91.376000        -6904.466827        -0.842128        87.762333        -7.515279E-5        -3.069370E-6        -0.000137        -0.000196        -0.517967
        92.376000        -6900.548815        -0.837324        87.767128        -7.444780E-5        -2.783827E-6        -0.000137        -0.000196        -0.513172
        93.376000        -6903.017699        -0.808932        87.762263        -7.503019E-5        -2.184186E-6        -0.000137        -0.000196        -0.518037
        94.376000        -7095.778527        -0.822189        87.788443        -7.770711E-5        -3.545273E-6        -0.000139        -0.000202        -0.491857
        95.376000        -7287.667216        -0.846341        87.810423        -8.092553E-5        -4.249610E-6        -0.000140        -0.000207        -0.469877
        96.376000        -7375.688325        -0.881576        87.808673        -8.179398E-5        -4.182984E-6        -0.000141        -0.000210        -0.471627
        97.376000        -7500.474359        -0.854231        87.814798        -8.289744E-5        -4.478043E-6        -0.000142        -0.000212        -0.465502
        98.376000        -7756.419932        -0.877041        87.827782        -8.775054E-5        -5.363222E-6        -0.000145        -0.000221        -0.452518
        99.376000        -8101.003916        -0.872774        87.829987        -9.222558E-5        -5.943821E-6        -0.000148        -0.000230        -0.450313
        100.376000        -8213.767601        -0.902696        87.826732        -9.413614E-5        -6.486349E-6        -0.000149        -0.000233        -0.453568
        101.376000        -8324.599122        -0.929424        87.828797        -9.633276E-5        -6.838514E-6        -0.000150        -0.000236        -0.451503
        102.376000        -8400.114842        -0.885816        87.829112        -9.793680E-5        -6.876588E-6        -0.000150        -0.000238        -0.451188
        103.376000        -8483.748370        -0.919736        87.827852        -9.900956E-5        -7.152609E-6        -0.000151        -0.000241        -0.452448
        104.376000        -8628.433179        -0.917026        87.833382        -0.000101        -7.266825E-6        -0.000152        -0.000245        -0.446918
        105.376000        -8762.008011        -0.893357        87.854277        -0.000103        -7.704653E-6        -0.000153        -0.000249        -0.426023
        106.376000        -9241.280780        -0.927733        87.855782        -0.000110        -9.189457E-6        -0.000158        -0.000261        -0.424518
        107.376000        -9620.228277        -0.931142        87.843217        -0.000116        -1.027450E-5        -0.000161        -0.000272        -0.437083
        108.376000        -9593.647473        -0.969543        87.829567        -0.000115        -1.053149E-5        -0.000161        -0.000271        -0.450733
        109.376000        -9619.463460        -0.955965        87.845352        -0.000119        -1.133099E-5        -0.000163        -0.000282        -0.434948
        110.376000        -10091.504294        -0.945955        87.828937        -0.000123        -1.120726E-5        -0.000165        -0.000285        -0.451363
        111.376000        -10127.839906        -0.971905        87.826032        -0.000124        -1.224471E-5        -0.000165        -0.000287        -0.454268
        112.376000        -10253.914289        -0.994527        87.826032        -0.000125        -1.242555E-5        -0.000166        -0.000291        -0.454268
        113.376000        -10377.009915        -1.035988        87.816408        -0.000127        -1.366288E-5        -0.000167        -0.000294        -0.463892
        114.376000        -10547.645112        -0.960366        87.796388        -0.000130        -1.368191E-5        -0.000169        -0.000298        -0.483912
        115.376000        -10663.642708        -0.991763        87.773008        -0.000132        -1.442431E-5        -0.000169        -0.000302        -0.507292
        116.376000        -10984.249656        -1.014064        87.772063        -0.000137        -1.565211E-5        -0.000172        -0.000311        -0.508237
        117.376000        -11252.634263        -1.006818        87.763138        -0.000141        -1.665148E-5        -0.000174        -0.000318        -0.517162
        118.376000        -11361.909565        -1.024664        87.761668        -0.000143        -1.710833E-5        -0.000175        -0.000321        -0.518632
        119.376000        -11471.802100        -1.046508        87.766148        -0.000145        -1.648015E-5        -0.000175        -0.000324        -0.514152
        120.376000        -11999.313259        -1.093685        87.777558        -0.000153        -1.857407E-5        -0.000179        -0.000337        -0.502742
        121.376000        -12384.675393        -1.057752        87.788828        -0.000160        -2.079170E-5        -0.000183        -0.000348        -0.491472
        122.376000        -12259.741297        -1.060409        87.797228        -0.000158        -2.004932E-5        -0.000182        -0.000345        -0.483072
        123.376000        -12789.346041        -1.149369        87.818648        -0.000167        -2.268572E-5        -0.000186        -0.000360        -0.461652
        124.376000        -12831.934486        -1.111048        87.783088        -0.000167        -2.285704E-5        -0.000186        -0.000361        -0.497212
        125.376000        -12909.248487        -1.070633        87.796633        -0.000169        -2.265717E-5        -0.000187        -0.000364        -0.483667
        126.376000        -13027.299273        -1.084803        87.798383        -0.000172        -2.383736E-5        -0.000188        -0.000367        -0.481917
        127.376000        -13177.888519        -1.153341        87.776543        -0.000173        -2.383736E-5        -0.000189        -0.000371        -0.503757
        128.376000        -13342.445836        -1.103936        87.791313        -0.000176        -2.443697E-5        -0.000190        -0.000375        -0.488987
        129.376000        -13610.388256        -1.124009        87.818368        -0.000181        -2.624532E-5        -0.000193        -0.000385        -0.461932
        130.376000        -13981.662191        -1.137186        87.834012        -0.000187        -2.761585E-5        -0.000194        -0.000393        -0.446288
        131.376000        -14114.338653        -1.126747        87.831492        -0.000189        -2.806318E-5        -0.000195        -0.000397        -0.448808
        132.376000        -14229.504737        -1.149611        87.839087        -0.000191        -2.868182E-5        -0.000196        -0.000400        -0.441213
        133.376000        -14965.787093        -1.190938        87.859177        -0.000205        -3.217475E-5        -0.000202        -0.000423        -0.421123
        134.376000        -15078.242864        -1.168610        87.883887        -0.000206        -3.250786E-5        -0.000202        -0.000422        -0.396413
        135.376000        -15092.023088        -1.189301        87.860927        -0.000206        -3.226041E-5        -0.000203        -0.000423        -0.419373
        136.376000        -15169.887412        -1.184416        87.875347        -0.000208        -3.283146E-5        -0.000203        -0.000426        -0.404953
        137.376000        -15347.192143        -1.170784        87.848432        -0.000210        -3.391645E-5        -0.000204        -0.000431        -0.431868
        138.376000        -15550.554571        -1.204087        87.832472        -0.000214        -3.514419E-5        -0.000206        -0.000436        -0.447828
        139.376000        -15744.819676        -1.208139        87.832752        -0.000218        -3.580090E-5        -0.000207        -0.000442        -0.447548
        140.376000        -16627.292109        -1.205831        87.813328        -0.000232        -3.955074E-5        -0.000213        -0.000465        -0.466972
        141.376000        -16791.528057        -1.247105        87.813048        -0.000235        -4.021695E-5        -0.000214        -0.000469        -0.467252
        142.376000        -16884.447512        -1.225394        87.799153        -0.000237        -4.054054E-5        -0.000215        -0.000472        -0.481147
        143.376000        -16993.575894        -1.260415        87.810283        -0.000239        -4.087365E-5        -0.000215        -0.000474        -0.470017
        144.376000        -17092.989670        -1.259368        87.790893        -0.000241        -4.164455E-5        -0.000216        -0.000478        -0.489407
        145.376000        -17225.921572        -1.246407        87.771293        -0.000242        -4.219655E-5        -0.000217        -0.000482        -0.509007
        146.376000        -17416.913105        -1.265406        87.762893        -0.000247        -4.319586E-5        -0.000218        -0.000487        -0.517407
        147.376000        -17689.325028        -1.276999        87.763593        -0.000251        -4.393821E-5        -0.000220        -0.000494        -0.516707
        148.376000        -17924.770489        -1.301474        87.761458        -0.000255        -4.538482E-5        -0.000221        -0.000501        -0.518842
        149.376000        -18355.260037        -1.346101        87.749523        -0.000263        -4.802108E-5        -0.000224        -0.000513        -0.530777
        150.376000        -18577.113278        -1.314516        87.745323        -0.000267        -4.810674E-5        -0.000225        -0.000518        -0.534977
        151.376000        -18764.589655        -1.303433        87.739548        -0.000270        -5.012437E-5        -0.000227        -0.000523        -0.540752
        152.376000        -18959.929035        -1.357614        87.732583        -0.000274        -5.172324E-5        -0.000228        -0.000529        -0.547717
        153.376000        -19697.316253        -1.314865        87.728768        -0.000287        -5.448318E-5        -0.000232        -0.000549        -0.551532
        154.376000        -19714.719432        -1.335877        87.731008        -0.000287        -5.450222E-5        -0.000232        -0.000548        -0.549292
        155.376000        -19801.332801        -1.335850        87.724673        -0.000289        -5.493048E-5        -0.000233        -0.000552        -0.555627
        156.376000        -20032.190020        -1.381900        87.713474        -0.000293        -5.593928E-5        -0.000234        -0.000558        -0.566826
        157.376000        -20503.189992        -1.327236        87.692684        -0.000303        -5.910843E-5        -0.000238        -0.000576        -0.587616
        158.376000        -21053.356834        -1.401758        87.655724        -0.000310        -6.075485E-5        -0.000240        -0.000585        -0.624576
        159.376000        -21191.213947        -1.422717        87.661394        -0.000312        -6.141152E-5        -0.000240        -0.000588        -0.618906
        160.376000        -21300.504038        -1.365906        87.658979        -0.000315        -6.208721E-5        -0.000241        -0.000592        -0.621321
        161.376000        -21450.598482        -1.371568        87.634584        -0.000317        -6.280098E-5        -0.000241        -0.000596        -0.645716
        162.376000        -21645.791084        -1.396955        87.641934        -0.000321        -6.316262E-5        -0.000242        -0.000600        -0.638366
        163.376000        -21800.219653        -1.380531        87.636159        -0.000323        -6.412382E-5        -0.000243        -0.000605        -0.644141
        164.376000        -22029.722391        -1.405703        87.641059        -0.000327        -6.529438E-5        -0.000244        -0.000610        -0.639241
        165.376000        -22231.329032        -1.416169        87.632554        -0.000330        -6.645543E-5        -0.000245        -0.000617        -0.647746